pages[00]=(45,00,13,19,13,13,45,57,37,19,63,13,00,13,45,13,41,13,13,45,49,17,27,13)
pages[01]=(03,00,19,33,03,19,09,57,37,19,63,15,00,03,15,09,19,15,11,03,19,17,43,19)
pages[02]=(19,00,49,33,03,53,45,19,19,29,63,31,00,31,03,45,19,19,19,19,19,49,19,19)
pages[03]=(03,00,11,33,03,63,21,57,37,29,21,15,00,03,03,09,25,15,11,03,05,17,43,05)
pages[04]=(31,00,11,19,45,63,07,57,13,23,07,45,00,31,03,53,25,31,49,53,31,49,43,49)
pages[05]=(31,00,11,19,53,45,09,57,13,29,63,45,00,31,03,45,25,31,49,53,49,19,29,49)
pages[06]=(45,00,49,23,13,13,13,19,37,53,63,13,00,13,03,13,13,13,13,45,49,13,53,49)
pages[07]=(51,00,11,61,51,57,09,57,61,61,63,19,00,21,51,09,41,41,55,21,55,59,43,55)
pages[08]=(03,00,49,33,03,63,09,57,37,29,63,15,00,03,03,09,41,15,11,21,05,17,43,05)
pages[09]=(03,00,11,33,21,63,09,57,37,29,63,15,00,21,03,09,25,15,11,03,05,17,43,05)
pages[10]=(45,00,11,23,13,31,13,19,37,53,19,15,00,03,03,31,25,13,11,45,49,13,43,49)
pages[11]=(53,00,49,33,45,45,09,01,53,07,53,07,00,03,03,45,53,15,49,21,05,17,41,19)
pages[12]=(03,00,19,33,03,19,09,57,19,19,63,15,00,03,03,09,25,15,11,03,19,19,43,19)
pages[13]=(07,00,49,19,03,53,09,23,37,23,63,53,00,19,31,09,25,31,27,41,27,17,29,05)
pages[14]=(45,00,11,33,03,63,09,57,37,29,27,15,00,03,27,27,25,15,27,03,27,17,27,05)
pages[15]=(53,00,49,33,03,45,53,19,13,29,53,45,00,53,03,31,25,53,49,31,53,49,43,49)
pages[16]=(03,00,11,33,19,63,09,01,37,29,63,15,00,41,03,19,25,41,11,41,05,17,27,19)
pages[17]=(03,00,53,33,03,63,09,01,07,07,63,15,00,07,27,09,07,15,11,07,05,07,07,19)
pages[18]=(31,00,11,19,45,45,07,57,13,29,63,45,00,03,03,45,25,31,49,03,31,49,43,49)
pages[19]=(45,00,31,33,03,41,45,23,23,53,13,23,00,03,03,09,25,41,11,03,49,17,43,05)
pages[20]=(45,00,11,19,19,45,45,57,37,31,45,13,00,13,03,09,41,13,13,45,49,17,27,49)
pages[21]=(19,00,49,33,45,31,19,57,07,19,31,31,00,31,19,45,19,19,49,19,05,49,27,49)
pages[22]=(03,00,11,33,03,63,09,01,37,29,63,15,00,03,15,09,25,15,11,03,05,17,43,05)
pages[23]=(03,00,49,19,45,45,45,57,19,29,45,31,00,31,19,09,25,31,49,19,49,49,19,49)
pages2[0]=(45,23,11,53,41,17,19,19)
pages2[1]=(21,61,11,57,03,17,57,51)
pages2[2]=(53,33,49,45,35,17,35,03)
pages2[3]=(39,61,11,45,11,59,57,03)
pages2[4]=(39,33,55,47,03,13,57,51)
pages2[5]=(13,33,13,57,03,17,57,47)
pages2[6]=(39,61,55,57,51,59,57,51)
pages2[7]=(07,35,53,45,51,55,57,03)
damage=7,6,0|13,5,0|19,0,0|21,0,0|27,-6,0|31,4,0|35,6,0|41,0,0|45,-4,0|47,5,0|49,-4,0|53,6,0