pages[00]=(49,49,13,19,13,13,49,57,37,19,17,13,13,13,00,13,13,00,11,45,00,15,27,19)
pages[01]=(05,57,19,33,03,51,11,57,37,19,19,15,45,03,00,09,41,00,11,05,00,15,43,03)
pages[02]=(05,49,09,33,03,63,49,19,19,29,31,15,45,45,00,45,19,00,31,05,00,15,43,03)
pages[03]=(05,49,09,33,03,63,21,57,37,29,21,15,45,03,00,09,41,00,11,05,00,15,43,03)
pages[04]=(31,53,09,33,45,63,07,57,13,23,53,45,45,31,00,53,25,00,11,53,00,15,43,03)
pages[05]=(31,49,09,19,53,45,11,57,13,29,17,45,45,31,00,45,25,00,11,07,00,15,31,03)
pages[06]=(49,49,09,23,03,63,11,53,37,19,17,15,45,03,00,09,13,00,11,45,00,19,43,03)
pages[07]=(57,57,09,61,57,57,11,57,57,57,17,19,57,21,00,09,41,00,57,21,00,57,43,57)
pages[08]=(05,49,09,33,03,63,11,57,37,29,17,15,45,03,00,09,41,00,11,21,00,15,43,03)
pages[09]=(05,49,09,33,21,63,11,57,37,29,17,15,45,21,00,09,25,00,11,05,00,15,43,03)
pages[10]=(49,49,53,23,03,63,11,19,37,19,19,15,45,03,00,09,25,00,11,05,00,53,43,03)
pages[11]=(53,41,09,33,45,45,11,01,19,19,17,07,45,03,00,45,31,00,11,21,00,15,41,03)
pages[12]=(05,49,41,33,03,51,11,57,19,29,17,15,57,03,00,09,25,00,11,05,00,19,43,19)
pages[13]=(07,31,31,33,03,53,11,23,37,23,17,53,53,19,00,09,25,00,27,19,00,15,31,03)
pages[14]=(49,49,09,33,03,63,11,57,37,29,27,15,45,03,00,27,25,00,27,05,00,15,27,03)
pages[15]=(05,49,31,33,03,45,11,53,13,29,07,45,45,03,00,09,25,00,31,13,00,15,43,03)
pages[16]=(05,49,09,33,57,63,11,01,37,29,41,15,57,51,00,51,41,00,11,41,00,15,27,41)
pages[17]=(05,07,09,33,03,63,11,01,19,19,17,15,51,07,00,09,25,00,11,53,00,15,07,03)
pages[18]=(31,53,09,33,45,45,07,57,19,29,17,45,45,03,00,45,25,00,11,05,00,15,43,03)
pages[19]=(49,49,31,33,03,41,49,23,23,19,53,23,13,03,00,09,25,00,11,05,00,15,43,03)
pages[20]=(49,49,09,19,13,49,49,57,37,19,17,13,45,13,00,09,41,00,11,53,00,15,27,03)
pages[21]=(05,19,09,33,45,63,19,57,07,29,17,15,45,19,00,45,31,00,11,31,00,19,27,03)
pages[22]=(05,49,09,33,03,63,11,01,37,29,17,15,45,03,00,09,25,00,11,05,00,15,43,03)
pages[23]=(05,19,09,19,45,45,49,57,19,29,17,19,45,19,00,09,25,00,19,31,00,19,19,19)
pages2[0]=(45,23,59,45,41,47,19,19)
pages2[1]=(21,61,59,57,05,47,55,57)
pages2[2]=(53,33,45,45,35,47,35,03)
pages2[3]=(39,61,59,45,57,47,55,03)
pages2[4]=(39,33,35,19,05,47,55,57)
pages2[5]=(13,33,31,57,05,47,55,47)
pages2[6]=(39,61,59,57,57,47,55,57)
pages2[7]=(07,35,59,45,57,35,55,03)
damage=7,7,11|13,5,9|19,1,0|21,1,0|27,-3,0|31,3,7|35,5,9|41,1,5|45,-4,0|49,-4,0|51,0,0|53,5,9