pages[00]=(45,19,13,19,13,13,45,57,37,19,11,13,13,13,45,13,41,13,00,45,45,00,27,13)
pages[01]=(03,19,19,33,03,19,09,57,37,19,11,15,19,03,15,09,19,15,00,03,19,00,43,19)
pages[02]=(19,19,45,33,03,03,45,19,19,29,11,15,19,45,03,45,19,19,00,19,19,00,19,19)
pages[03]=(03,05,17,33,03,03,21,57,37,29,21,15,05,03,03,09,25,15,00,03,03,00,43,49)
pages[04]=(31,51,17,19,45,03,07,57,13,23,07,45,19,31,03,53,25,31,00,53,31,00,43,49)
pages[05]=(31,19,17,19,53,45,09,57,13,29,11,45,19,31,03,45,25,31,00,53,45,00,29,19)
pages[06]=(45,05,45,23,13,03,13,19,37,53,11,13,51,13,03,13,13,13,00,45,45,00,53,49)
pages[07]=(57,57,17,61,57,57,09,57,61,61,11,19,57,21,57,09,41,41,00,21,57,00,43,59)
pages[08]=(03,05,45,33,03,03,09,57,37,29,11,15,05,03,03,09,41,15,00,21,03,00,43,49)
pages[09]=(03,05,17,33,21,03,09,57,37,29,11,15,05,21,03,09,25,15,00,03,03,00,43,49)
pages[10]=(45,05,17,23,13,13,13,19,37,53,19,15,05,03,03,31,25,13,00,45,45,00,43,19)
pages[11]=(53,41,45,33,45,45,09,01,53,07,11,07,19,03,03,45,53,15,00,21,03,00,41,49)
pages[12]=(03,19,19,33,03,19,45,57,19,29,19,15,19,03,03,09,25,19,00,03,19,00,43,19)
pages[13]=(07,51,45,19,03,53,09,23,37,23,11,53,51,19,31,09,25,31,00,41,03,00,29,49)
pages[14]=(45,05,17,33,03,03,09,57,37,29,27,15,05,03,27,27,25,15,00,03,27,00,27,49)
pages[15]=(53,51,45,33,03,45,53,19,13,29,53,45,05,53,03,31,25,53,00,31,53,00,43,49)
pages[16]=(03,05,17,33,19,03,09,01,37,29,19,15,19,41,19,19,41,41,00,41,03,00,27,19)
pages[17]=(03,51,19,33,03,03,45,01,07,07,11,15,51,07,27,09,07,15,00,07,03,00,07,49)
pages[18]=(31,51,17,19,45,45,07,57,13,29,11,45,19,03,03,45,25,31,00,03,31,00,43,19)
pages[19]=(45,19,31,33,03,41,45,23,23,53,13,23,19,03,03,09,25,41,00,03,45,00,43,49)
pages[20]=(45,05,17,19,13,45,45,57,37,31,19,13,05,13,03,09,41,13,00,45,45,00,27,19)
pages[21]=(19,19,45,33,45,03,19,57,07,19,19,15,19,19,19,45,19,19,00,19,03,00,27,19)
pages[22]=(03,05,17,33,03,03,09,01,37,29,11,15,05,03,15,09,25,15,00,03,03,00,43,49)
pages[23]=(03,19,45,19,45,45,45,57,19,29,11,19,19,19,19,09,25,19,00,19,45,00,19,49)
pages2[0]=(45,23,49,45,41,11,19,19)
pages2[1]=(21,61,49,57,17,11,57,57)
pages2[2]=(53,33,49,45,35,11,35,03)
pages2[3]=(39,61,49,45,55,63,57,03)
pages2[4]=(39,33,47,47,17,11,57,57)
pages2[5]=(13,33,13,57,17,11,57,47)
pages2[6]=(39,61,59,57,55,63,57,57)
pages2[7]=(07,35,49,45,55,35,57,03)
damage=7,8,0|13,5,0|19,1,0|21,0,0|27,-6,0|31,4,0|35,6,0|41,1,0|45,-4,0|47,5,0|51,-1,0|53,6,0