pages[00]=(45,37,11,19,13,00,45,55,49,19,00,13,00,13,45,13,41,41,41,45,45,59,27,41)
pages[01]=(03,49,49,33,03,00,09,55,37,19,00,17,00,03,19,09,25,15,49,03,19,59,43,49)
pages[02]=(19,41,11,33,03,00,45,19,37,29,00,17,00,45,03,45,25,49,49,19,19,49,19,49)
pages[03]=(03,37,11,33,03,00,21,55,37,29,00,17,00,03,03,09,49,15,49,03,51,59,43,05)
pages[04]=(31,37,11,19,45,00,07,55,41,23,00,45,00,31,03,53,25,49,49,53,31,49,43,41)
pages[05]=(31,37,11,19,53,00,09,55,49,29,00,45,00,31,03,45,25,41,49,53,45,59,29,49)
pages[06]=(45,41,49,23,13,00,13,19,41,53,00,13,00,13,03,13,41,41,41,45,45,41,53,49)
pages[07]=(63,57,11,55,63,00,09,55,57,55,00,19,00,21,63,09,41,41,57,21,63,57,43,57)
pages[08]=(03,37,11,33,03,00,09,55,37,29,00,17,00,03,03,09,25,15,49,21,51,59,43,05)
pages[09]=(03,37,11,33,21,00,09,55,37,29,00,17,00,21,03,09,25,15,49,03,51,59,43,05)
pages[10]=(45,49,11,23,13,00,13,19,37,53,00,17,00,03,03,31,25,41,49,45,45,41,43,49)
pages[11]=(53,37,11,33,45,00,09,01,37,07,00,07,00,03,03,45,41,15,49,21,51,59,53,05)
pages[12]=(03,49,49,33,03,00,09,55,37,29,00,17,00,03,03,09,25,49,49,03,19,59,43,49)
pages[13]=(07,37,41,19,03,00,09,23,41,23,00,53,00,19,31,09,25,49,49,53,51,59,29,05)
pages[14]=(45,37,11,33,03,00,09,55,37,29,00,17,00,03,27,27,25,15,49,03,27,59,27,05)
pages[15]=(53,41,49,33,03,00,53,19,37,29,00,45,00,53,03,31,25,41,49,31,53,41,43,41)
pages[16]=(03,37,11,33,13,00,09,01,37,29,00,17,00,13,13,13,49,41,49,13,51,59,27,41)
pages[17]=(03,37,41,33,03,00,09,01,37,07,00,17,00,07,27,09,41,15,49,07,51,41,07,41)
pages[18]=(31,37,11,19,45,00,07,55,41,29,00,45,00,03,03,45,25,41,49,03,31,49,43,49)
pages[19]=(45,37,41,33,03,00,45,23,37,53,00,23,00,03,03,09,25,41,49,03,45,41,43,05)
pages[20]=(45,37,11,19,13,00,45,55,41,31,00,13,00,13,03,09,41,41,41,45,45,41,27,49)
pages[21]=(03,49,49,33,45,00,19,55,37,19,00,17,00,19,19,45,49,49,49,19,51,49,27,49)
pages[22]=(03,37,11,33,03,00,09,01,37,29,00,17,00,03,17,09,25,15,15,03,51,59,43,05)
pages[23]=(03,37,49,19,45,00,45,55,41,29,00,19,00,19,19,09,25,49,49,19,45,49,19,49)
pages2[0]=(49,37,11,49,53,09,19,49)
pages2[1]=(39,57,11,57,03,09,55,61)
pages2[2]=(41,37,49,49,35,09,35,05)
pages2[3]=(39,57,11,49,63,63,55,05)
pages2[4]=(39,37,41,41,03,09,55,61)
pages2[5]=(41,37,41,57,03,09,55,41)
pages2[6]=(39,57,61,57,63,63,55,61)
pages2[7]=(41,41,11,49,63,35,55,05)
damage=7,6,0|13,3,0|19,0,0|21,0,0|27,-6,0|31,2,0|35,4,0|41,0,0|45,-4,0|49,-4,0|53,4,0