pages[00]=(45,00,13,19,13,25,45,57,37,31,17,13,00,13,45,13,00,13,13,45,45,49,27,13)
pages[01]=(05,00,19,33,03,19,09,57,37,19,19,15,00,03,15,09,00,15,03,05,05,49,43,19)
pages[02]=(19,00,25,33,03,25,45,53,19,29,31,31,00,31,05,45,00,19,19,19,19,49,19,59)
pages[03]=(05,00,25,33,03,25,21,57,37,29,21,15,00,03,03,09,00,15,03,05,05,49,43,59)
pages[04]=(31,00,53,19,45,25,07,57,13,23,07,45,00,31,03,53,00,31,45,53,19,13,43,59)
pages[05]=(31,00,25,19,53,25,09,57,13,29,17,45,00,31,03,45,00,31,45,53,45,49,29,19)
pages[06]=(45,00,13,23,13,13,13,19,37,53,17,13,00,13,05,13,00,13,13,45,45,13,53,59)
pages[07]=(55,00,25,61,57,63,09,57,61,61,17,19,00,21,55,09,00,41,47,21,57,11,43,57)
pages[08]=(05,00,25,33,03,25,09,57,37,29,17,15,00,05,03,09,00,15,03,21,05,49,43,59)
pages[09]=(05,00,25,33,21,25,09,57,37,29,17,15,00,21,03,09,00,15,03,05,05,49,43,59)
pages[10]=(45,00,25,23,13,13,13,19,37,53,19,15,00,03,05,31,00,13,03,45,45,13,43,59)
pages[11]=(53,00,53,33,45,07,09,01,53,07,07,07,00,03,03,45,00,15,45,21,05,49,41,59)
pages[12]=(05,00,19,33,03,19,09,57,19,19,17,15,00,05,03,09,00,15,03,05,05,19,43,59)
pages[13]=(07,00,25,19,03,53,09,23,37,23,31,53,00,19,31,09,00,31,27,41,05,49,29,59)
pages[14]=(45,00,25,33,03,25,09,57,37,29,17,15,00,03,27,27,00,15,27,05,27,49,27,59)
pages[15]=(53,00,53,33,03,53,53,19,13,29,17,45,00,53,03,31,00,53,45,31,19,49,43,53)
pages[16]=(05,00,25,33,03,41,09,01,37,29,41,15,00,19,03,19,00,41,03,41,05,49,27,19)
pages[17]=(05,00,07,33,03,25,09,01,07,07,07,15,00,07,27,09,00,15,03,07,05,19,07,19)
pages[18]=(31,00,25,19,45,25,07,57,13,29,19,45,00,05,05,45,00,31,45,05,19,49,43,59)
pages[19]=(45,00,13,33,03,13,45,23,23,53,13,23,00,03,05,09,00,41,03,05,45,49,43,59)
pages[20]=(45,00,25,19,13,25,45,57,37,31,31,13,00,13,05,09,00,13,19,45,45,49,27,59)
pages[21]=(05,00,25,33,45,53,19,57,07,19,17,31,00,31,19,45,00,19,45,19,05,49,27,59)
pages[22]=(05,00,25,33,03,25,09,01,37,29,17,15,00,03,15,09,00,15,03,05,05,49,43,59)
pages[23]=(05,00,25,19,45,31,45,57,19,29,31,31,00,31,19,09,00,31,45,19,45,49,19,59)
pages2[0]=(45,23,25,53,41,17,19,19)
pages2[1]=(21,61,25,57,49,17,57,55)
pages2[2]=(53,33,25,45,35,17,35,03)
pages2[3]=(39,61,25,45,11,51,57,03)
pages2[4]=(39,33,47,47,49,13,57,55)
pages2[5]=(13,33,13,57,49,17,57,47)
pages2[6]=(39,61,63,57,11,51,57,57)
pages2[7]=(07,35,25,45,11,35,57,03)
damage=7,8,0|13,5,0|19,0,0|21,0,0|27,-6,0|31,4,0|35,6,0|41,1,0|45,-5,0|47,5,0|53,6,0