pages[00]=(49,17,17,19,13,13,49,57,37,31,49,13,17,13,49,13,41,00,13,49,49,00,27,13)
pages[01]=(05,17,17,33,03,03,09,55,37,59,09,15,17,03,15,09,59,00,11,05,59,00,43,59)
pages[02]=(19,17,19,33,03,03,49,19,19,29,09,15,17,45,05,45,19,00,19,19,19,00,19,17)
pages[03]=(05,17,17,33,03,03,23,55,37,29,21,15,17,03,03,09,19,00,11,05,05,00,43,17)
pages[04]=(31,53,19,19,45,03,07,57,13,23,07,45,17,31,03,53,25,00,45,53,31,00,43,17)
pages[05]=(19,17,17,19,31,45,09,57,19,29,09,45,17,19,03,45,25,00,45,19,49,00,29,17)
pages[06]=(49,17,17,23,13,03,13,19,37,53,09,13,13,13,05,13,13,00,13,49,49,00,53,17)
pages[07]=(57,61,17,57,57,57,09,55,57,57,09,19,57,21,57,09,41,00,57,21,57,00,43,57)
pages[08]=(19,17,19,33,03,03,49,57,19,29,09,15,17,45,05,45,19,00,19,21,19,00,19,17)
pages[09]=(05,17,17,33,21,03,23,55,37,29,21,15,17,03,03,09,19,00,11,05,05,00,43,17)
pages[10]=(49,17,17,23,13,13,13,19,37,53,19,15,13,03,05,31,25,00,11,49,49,00,43,17)
pages[11]=(53,41,17,33,45,45,09,01,19,07,09,07,17,03,03,45,53,00,45,21,05,00,41,17)
pages[12]=(05,17,59,33,03,03,09,55,59,29,09,15,17,05,03,09,25,00,45,05,05,00,43,59)
pages[13]=(19,17,17,19,31,45,09,23,19,29,09,45,17,19,03,45,25,00,45,19,49,00,29,17)
pages[14]=(49,17,17,33,03,03,09,57,37,29,27,15,27,03,27,27,25,00,27,05,27,00,27,17)
pages[15]=(53,53,17,33,03,45,53,19,13,29,53,45,31,53,03,31,25,00,45,31,05,00,43,17)
pages[16]=(05,17,13,33,03,03,09,01,37,29,51,15,13,03,03,09,51,00,11,41,05,00,27,19)
pages[17]=(05,07,17,33,03,03,09,01,07,07,09,15,17,07,27,09,07,00,11,07,05,00,07,17)
pages[18]=(31,53,17,19,45,45,07,57,13,29,09,45,17,05,05,45,25,00,45,05,19,00,43,19)
pages[19]=(49,17,13,33,03,41,49,23,23,53,13,23,19,03,05,09,53,00,11,05,49,00,43,17)
pages[20]=(49,17,17,19,13,49,49,57,37,31,49,19,19,13,05,09,41,00,13,49,49,00,27,17)
pages[21]=(05,19,17,33,45,03,19,57,19,19,19,15,17,19,19,45,19,00,45,19,05,00,27,17)
pages[22]=(05,17,17,33,03,03,09,01,37,29,09,15,17,03,15,09,25,00,11,05,05,00,43,17)
pages[23]=(05,19,17,19,45,45,49,57,19,29,49,19,17,19,19,09,25,00,45,19,49,00,19,17)
pages2[0]=(45,23,17,19,41,09,19,19)
pages2[1]=(21,63,17,57,05,09,55,57)
pages2[2]=(53,33,17,45,35,09,35,03)
pages2[3]=(39,63,17,45,57,57,55,03)
pages2[4]=(39,33,61,47,05,13,57,57)
pages2[5]=(13,33,13,57,05,09,57,47)
pages2[6]=(39,63,61,57,57,57,55,57)
pages2[7]=(07,35,53,45,57,57,57,03)
damage=7,6,0|13,3,0|19,0,0|21,0,0|27,-3,0|31,2,0|35,4,0|41,0,0|45,-2,0|47,3,0|49,-2,0|51,0,0|53,4,0|59,0,0