pages[00]=(45,49,13,19,13,19,45,57,37,19,45,13,13,13,45,13,41,13,13,45,45,00,27,03)
pages[01]=(05,19,11,33,03,03,09,57,37,19,09,15,49,03,15,09,19,59,03,05,05,00,43,19)
pages[02]=(19,49,11,33,03,03,45,19,19,29,09,15,49,45,05,45,19,19,19,19,19,00,19,17)
pages[03]=(05,49,11,33,03,03,23,57,37,29,21,15,49,03,03,09,19,59,03,05,05,00,43,17)
pages[04]=(31,53,11,19,45,03,07,57,19,23,07,45,49,31,03,53,25,31,45,53,19,00,43,17)
pages[05]=(19,49,11,19,19,45,09,57,19,29,09,45,49,19,03,45,25,19,45,19,45,00,29,01)
pages[06]=(45,49,31,23,13,03,13,19,37,19,09,13,13,13,05,13,25,13,13,45,45,00,53,17)
pages[07]=(57,57,11,61,57,57,09,57,61,61,09,19,57,21,57,09,41,41,57,21,57,00,43,63)
pages[08]=(05,49,11,33,03,03,09,57,37,29,09,15,49,05,03,09,41,59,03,21,05,00,43,17)
pages[09]=(05,49,11,33,23,03,09,57,37,29,09,15,49,23,03,09,25,59,03,05,05,00,43,17)
pages[10]=(45,49,11,23,13,19,13,19,37,19,19,15,49,03,05,31,25,13,03,45,45,00,43,17)
pages[11]=(53,41,11,33,45,45,09,01,19,19,09,07,49,03,03,45,53,59,45,21,05,00,41,17)
pages[12]=(05,49,11,33,03,03,09,57,19,29,09,15,19,03,03,09,25,19,03,05,05,00,43,19)
pages[13]=(07,31,19,19,03,19,09,23,37,23,09,53,53,19,31,09,25,31,27,41,05,00,29,17)
pages[14]=(45,49,11,33,03,03,09,57,37,29,27,15,49,03,27,27,25,59,27,05,27,00,27,17)
pages[15]=(53,53,11,33,03,45,53,19,19,29,53,45,49,53,03,31,25,53,45,31,19,00,43,17)
pages[16]=(05,49,11,33,03,03,09,01,37,29,51,15,51,03,03,09,51,41,03,41,05,00,27,51)
pages[17]=(05,07,53,33,03,03,09,01,07,19,09,15,53,07,27,09,07,59,03,07,05,00,07,53)
pages[18]=(31,53,11,19,45,45,07,57,19,29,09,45,49,05,05,45,25,31,45,05,19,00,43,17)
pages[19]=(45,49,31,33,03,41,45,23,23,19,13,23,13,03,05,09,25,41,03,05,45,00,43,17)
pages[20]=(45,49,11,19,19,45,45,57,37,19,45,19,49,19,05,09,41,19,19,45,45,00,27,01)
pages[21]=(05,19,11,33,45,03,19,57,19,19,19,15,49,19,19,45,19,19,45,19,05,00,27,17)
pages[22]=(05,49,11,33,03,03,09,01,37,29,09,15,49,03,15,09,25,59,03,05,05,00,43,17)
pages[23]=(05,19,31,19,45,45,45,57,19,29,45,19,49,19,19,09,25,19,45,19,45,00,19,19)
pages2[0]=(45,23,09,45,41,17,19,19)
pages2[1]=(21,61,09,57,59,17,57,57)
pages2[2]=(53,33,45,45,35,17,35,03)
pages2[3]=(39,61,09,45,55,63,57,03)
pages2[4]=(39,33,57,47,59,17,57,57)
pages2[5]=(13,33,13,57,59,17,57,47)
pages2[6]=(39,61,57,57,55,63,57,57)
pages2[7]=(07,35,09,45,55,35,57,03)
damage=7,7,0|13,3,0|19,-1,0|21,0,0|27,-6,0|31,3,0|35,4,0|41,-1,0|45,-4,0|47,3,0|49,-4,0|51,0,0|53,4,0