pages[00]=(49,00,00,19,03,13,49,57,37,19,49,13,00,13,49,09,41,31,13,51,49,00,27,00)
pages[01]=(05,00,00,33,03,03,11,57,37,19,11,15,00,03,15,09,19,63,03,05,05,00,43,00)
pages[02]=(19,00,00,33,03,03,51,53,19,29,11,31,00,31,05,55,19,63,19,19,19,00,19,00)
pages[03]=(05,00,00,33,03,03,21,57,37,29,21,15,00,03,03,09,19,63,03,05,05,00,43,00)
pages[04]=(31,00,00,19,45,03,07,57,13,23,07,45,00,31,03,53,25,31,55,53,31,00,43,00)
pages[05]=(31,00,00,19,53,45,11,57,13,29,11,45,00,31,03,45,25,31,45,53,49,00,29,00)
pages[06]=(49,00,00,23,13,03,13,19,37,53,11,13,00,13,05,13,13,13,13,51,49,00,53,00)
pages[07]=(57,00,00,57,57,57,11,57,57,57,11,19,00,21,57,09,41,63,57,21,57,00,43,00)
pages[08]=(05,00,00,33,03,03,11,57,37,29,11,15,00,05,03,09,41,59,03,21,05,00,43,00)
pages[09]=(05,00,00,33,21,03,11,57,37,29,11,15,00,21,03,09,25,63,03,05,05,00,43,00)
pages[10]=(49,00,00,23,13,13,13,19,37,53,19,15,00,03,05,31,25,13,03,51,49,00,43,00)
pages[11]=(53,00,00,33,45,45,11,01,53,07,11,07,00,03,03,45,53,59,45,21,05,00,41,00)
pages[12]=(05,00,00,33,03,03,11,57,19,19,11,15,00,05,03,09,25,63,03,05,05,00,43,00)
pages[13]=(53,00,00,19,03,53,11,23,37,23,11,19,00,19,31,09,25,59,27,41,05,00,29,00)
pages[14]=(49,00,00,33,03,03,11,57,37,29,27,15,00,03,27,27,25,59,27,05,27,00,27,00)
pages[15]=(53,00,00,33,03,45,53,19,13,29,53,45,00,53,03,31,25,53,45,31,53,00,43,00)
pages[16]=(05,00,00,33,03,03,11,01,37,29,19,15,00,17,03,17,25,41,03,41,05,00,27,00)
pages[17]=(05,00,00,33,03,03,11,01,07,07,11,15,00,07,27,09,25,59,03,05,05,00,07,00)
pages[18]=(31,00,00,19,45,45,07,57,13,29,09,45,00,05,05,45,25,31,45,05,31,00,43,00)
pages[19]=(49,00,00,33,03,41,49,23,23,53,13,23,00,03,05,09,25,41,03,05,49,00,43,00)
pages[20]=(49,00,00,19,13,49,49,57,37,31,49,13,00,13,05,09,41,13,13,51,49,00,27,00)
pages[21]=(05,00,00,33,55,03,19,57,07,19,19,31,00,31,19,55,19,19,55,19,05,00,27,00)
pages[22]=(05,00,00,33,03,03,11,01,37,29,11,15,00,03,15,09,25,59,03,05,05,00,43,00)
pages[23]=(05,00,00,19,55,55,51,57,19,29,51,31,00,31,19,09,25,63,55,19,51,00,19,00)
pages2[0]=(55,23,59,53,41,11,19,19)
pages2[1]=(21,57,63,57,05,11,57,57)
pages2[2]=(53,33,59,45,35,11,35,03)
pages2[3]=(39,57,63,45,57,57,57,03)
pages2[4]=(39,33,61,47,05,13,57,57)
pages2[5]=(13,33,19,57,05,11,57,47)
pages2[6]=(39,57,61,57,57,57,57,57)
pages2[7]=(07,47,53,45,57,57,57,03)
damage=7,7,11|13,5,9|17,0,0|19,0,0|21,0,0|27,-5,0|31,4,8|35,6,10|41,1,5|45,-3,-2|47,5,0|49,-3,-2|51,-3,-2|53,6,10|55,-3,-2|63,-1,0