pages[00]=(45,63,13,13,45,03,45,57,37,53,49,47,13,13,45,09,41,13,49,45,05,15,27,13)
pages[01]=(19,19,19,33,03,19,09,57,37,19,49,47,63,03,05,09,19,15,49,03,19,15,43,17)
pages[02]=(31,63,11,33,03,03,31,19,19,29,19,47,63,03,05,09,19,19,19,03,19,15,19,17)
pages[03]=(05,63,11,33,03,03,21,57,37,29,21,47,63,03,05,09,41,15,49,03,05,15,43,17)
pages[04]=(45,53,11,53,45,03,45,57,53,23,53,45,63,53,05,53,25,31,49,07,05,15,43,17)
pages[05]=(13,63,11,19,31,03,09,57,19,29,49,47,63,03,05,19,25,19,49,53,05,15,43,17)
pages[06]=(45,63,11,23,45,03,31,31,37,07,49,13,53,13,05,09,53,13,49,45,05,13,53,17)
pages[07]=(57,57,11,61,57,57,09,57,57,57,49,47,57,21,57,09,41,41,57,21,57,57,43,57)
pages[08]=(05,63,11,33,03,03,09,57,37,29,49,47,63,03,05,09,41,15,49,21,05,15,43,17)
pages[09]=(05,63,11,33,21,03,09,57,37,29,49,47,63,21,05,09,25,15,49,03,05,15,43,17)
pages[10]=(05,63,53,23,03,53,31,53,37,53,19,47,63,03,05,09,25,19,49,03,05,53,43,17)
pages[11]=(07,41,11,33,45,03,09,01,53,07,49,19,63,03,05,45,53,15,49,21,05,15,07,17)
pages[12]=(05,63,19,33,19,19,09,57,19,29,49,47,19,03,05,09,25,15,49,03,19,19,43,19)
pages[13]=(05,53,53,53,03,07,09,23,37,23,49,53,07,41,53,09,25,15,27,41,05,15,43,17)
pages[14]=(45,63,11,33,03,03,09,57,37,29,27,47,63,03,27,27,25,15,27,03,27,15,27,17)
pages[15]=(53,53,31,33,03,03,07,53,13,29,53,45,63,07,05,53,25,53,19,13,53,15,43,17)
pages[16]=(05,63,11,33,41,03,09,01,37,29,41,47,41,41,41,41,41,41,49,41,05,15,27,41)
pages[17]=(05,07,11,33,03,03,09,01,07,07,49,47,07,07,27,09,25,15,49,07,05,15,07,17)
pages[18]=(31,53,11,53,53,31,07,57,13,29,49,47,63,03,05,09,25,31,49,03,13,19,43,17)
pages[19]=(45,63,31,33,03,03,45,23,23,53,13,23,53,03,05,09,25,15,49,03,05,15,43,17)
pages[20]=(05,63,11,19,31,03,19,57,37,19,49,19,63,13,05,09,41,19,49,19,19,15,27,17)
pages[21]=(05,19,11,33,03,03,09,57,19,29,49,47,63,19,19,19,19,19,49,19,05,19,27,17)
pages[22]=(05,63,11,33,03,03,09,01,37,29,49,47,63,03,05,09,25,15,49,03,05,15,43,17)
pages[23]=(05,19,11,19,03,03,09,57,37,29,49,19,63,19,19,09,25,19,49,19,19,19,19,19)
pages2[0]=(45,23,09,05,41,47,53,53)
pages2[1]=(21,61,09,57,17,47,55,57)
pages2[2]=(13,33,45,05,35,47,35,05)
pages2[3]=(39,61,09,05,51,59,55,05)
pages2[4]=(39,33,35,35,17,47,55,57)
pages2[5]=(13,33,13,57,17,47,55,35)
pages2[6]=(39,61,57,57,51,59,55,57)
pages2[7]=(53,35,09,05,51,35,55,05)
damage=7,8,12|13,5,9|19,2,0|21,2,0|27,-4,0|31,4,8|35,6,10|41,2,6|45,-4,0|53,6,10