pages[00]=(49,63,13,13,13,00,49,57,37,31,00,13,13,13,49,13,41,13,00,49,49,15,27,13)
pages[01]=(05,59,59,33,03,00,11,57,37,59,00,15,17,03,15,09,59,15,00,05,59,15,43,59)
pages[02]=(53,63,17,33,03,00,49,53,13,29,00,15,17,45,05,45,13,53,00,31,53,45,53,45)
pages[03]=(05,63,09,33,03,00,21,57,37,29,00,15,17,03,03,09,19,15,00,05,05,15,43,03)
pages[04]=(31,53,09,53,45,00,07,57,13,23,00,45,17,31,03,53,25,31,00,53,31,45,43,45)
pages[05]=(31,63,09,31,53,00,11,57,13,29,00,45,17,31,03,45,25,31,00,53,49,15,29,45)
pages[06]=(49,63,49,23,13,00,13,19,37,53,00,13,13,13,05,13,13,13,00,49,49,13,53,49)
pages[07]=(57,57,09,61,57,00,11,57,61,61,00,19,57,21,57,09,41,41,00,21,57,57,43,57)
pages[08]=(05,63,17,33,03,00,11,57,37,29,00,15,17,03,03,09,41,15,00,21,05,15,43,03)
pages[09]=(05,63,09,33,21,00,11,57,37,29,00,15,17,21,03,09,25,15,00,05,05,15,43,03)
pages[10]=(49,63,09,23,13,00,13,19,37,53,00,15,17,03,05,31,25,13,00,49,49,13,43,49)
pages[11]=(53,41,17,33,45,00,11,01,53,07,00,07,17,53,03,45,53,15,00,21,05,15,41,17)
pages[12]=(05,63,59,33,03,00,11,57,59,29,00,15,59,03,03,09,25,59,00,05,59,59,43,59)
pages[13]=(07,31,55,53,03,00,11,23,37,23,00,53,55,19,31,09,25,31,00,41,05,15,29,03)
pages[14]=(49,63,09,33,03,00,11,57,37,29,00,15,17,03,27,27,25,15,00,05,27,15,27,03)
pages[15]=(53,53,45,33,03,00,53,19,13,29,00,45,17,53,03,31,25,53,00,31,53,45,43,17)
pages[16]=(05,63,11,33,51,00,11,01,37,29,00,15,51,51,51,51,51,41,00,41,05,15,27,51)
pages[17]=(05,07,55,33,03,00,11,01,07,07,00,15,55,07,27,09,07,41,00,07,05,55,07,55)
pages[18]=(31,53,09,53,45,00,07,57,13,29,00,45,17,03,05,45,25,31,00,05,31,45,43,45)
pages[19]=(49,63,31,33,03,00,49,23,23,53,00,23,13,03,05,09,25,41,00,05,49,15,43,05)
pages[20]=(49,63,09,13,13,00,49,57,37,31,00,13,17,13,05,09,41,13,00,49,49,15,27,49)
pages[21]=(05,53,45,33,45,00,53,57,07,53,00,15,17,31,53,45,13,53,00,31,05,45,27,45)
pages[22]=(05,63,09,33,03,00,11,01,37,29,00,15,17,03,15,09,25,15,00,05,05,15,43,03)
pages[23]=(05,19,45,19,45,00,49,57,19,29,00,19,17,19,19,09,25,19,00,19,49,45,19,49)
pages2[0]=(45,23,09,17,41,11,19,19)
pages2[1]=(21,61,09,57,05,11,57,57)
pages2[2]=(53,33,45,17,35,11,35,03)
pages2[3]=(39,61,09,17,57,57,57,03)
pages2[4]=(39,33,57,47,05,13,57,57)
pages2[5]=(13,33,13,57,05,11,57,47)
pages2[6]=(39,61,57,57,57,57,57,57)
pages2[7]=(07,35,53,17,57,57,57,03)
damage=7,7,0|13,4,0|17,-4,0|19,0,0|21,0,0|27,-5,0|31,3,0|35,2,0|41,1,0|45,-4,0|47,4,0|49,-4,0|51,0,0|53,2,0|55,0,0|59,0,0|63,-4,0