pages[00]=(45,63,13,13,45,51,45,57,37,13,00,27,13,13,00,09,41,53,49,45,43,47,00,13)
pages[01]=(19,19,19,33,03,19,43,57,37,19,00,27,63,03,00,09,41,15,49,05,19,47,00,17)
pages[02]=(53,63,11,33,03,51,53,19,31,29,00,27,63,03,00,09,41,53,53,05,53,47,00,17)
pages[03]=(05,63,11,33,03,51,21,57,37,29,00,27,63,03,00,09,41,15,49,05,43,47,00,17)
pages[04]=(45,53,11,19,45,51,45,57,53,23,00,45,63,53,00,53,25,53,49,07,43,47,00,17)
pages[05]=(31,63,11,19,31,51,43,57,13,29,00,31,63,03,00,31,25,53,49,07,43,47,00,17)
pages[06]=(45,63,11,23,45,51,31,19,37,53,00,53,53,13,00,09,53,53,49,45,43,19,00,17)
pages[07]=(57,57,11,61,57,57,43,57,57,57,00,27,57,21,00,09,41,41,57,21,57,57,00,57)
pages[08]=(05,63,11,33,03,51,43,57,37,29,00,27,63,03,00,09,41,15,49,21,43,47,00,17)
pages[09]=(05,63,11,33,21,51,43,57,37,29,00,27,63,21,00,09,25,15,49,05,43,47,00,17)
pages[10]=(05,63,53,23,03,53,31,19,37,19,00,27,63,03,00,09,25,53,49,05,43,53,00,17)
pages[11]=(07,41,11,33,45,51,43,01,53,53,00,07,63,03,00,45,53,15,49,21,43,47,00,17)
pages[12]=(05,63,19,33,19,19,43,57,19,29,00,27,19,03,00,09,25,15,49,05,19,19,00,19)
pages[13]=(05,31,31,33,03,53,43,23,37,23,00,53,53,19,00,09,25,15,19,19,43,47,00,17)
pages[14]=(45,63,11,33,03,51,43,57,37,29,00,27,63,03,00,19,25,15,19,05,19,47,00,17)
pages[15]=(53,53,31,33,03,51,07,19,13,29,00,45,63,07,00,53,25,31,31,13,53,47,00,17)
pages[16]=(05,63,11,33,41,51,43,01,37,29,00,27,41,41,00,41,41,41,49,41,43,47,00,41)
pages[17]=(05,07,11,33,03,51,43,01,19,19,00,27,41,53,00,09,25,15,49,53,43,47,00,17)
pages[18]=(31,53,11,19,19,31,07,57,13,29,00,27,63,03,00,09,25,53,49,05,13,19,00,17)
pages[19]=(45,63,31,33,03,51,45,23,23,19,00,23,53,03,00,09,25,15,49,05,43,47,00,17)
pages[20]=(05,63,11,19,31,51,31,57,37,19,00,53,63,31,00,09,41,31,49,53,13,47,00,17)
pages[21]=(05,07,11,33,03,51,43,57,07,29,00,27,63,53,00,41,31,31,49,31,43,19,00,17)
pages[22]=(05,63,11,33,03,51,43,01,37,29,00,27,63,03,00,09,25,15,49,05,43,47,00,17)
pages[23]=(05,31,11,19,03,51,43,57,19,29,00,13,63,53,00,09,25,31,19,31,31,19,00,19)
pages2[0]=(45,23,09,05,41,63,01,31)
pages2[1]=(21,61,09,57,05,63,55,57)
pages2[2]=(53,33,45,05,35,63,35,03)
pages2[3]=(39,61,09,05,57,59,55,03)
pages2[4]=(39,33,35,35,05,63,55,57)
pages2[5]=(53,33,13,57,05,63,55,35)
pages2[6]=(39,61,57,57,57,59,55,57)
pages2[7]=(53,61,09,05,57,35,55,03)
damage=7,7,12|13,4,9|19,0,0|21,-1,0|31,3,8|35,5,10|41,0,5|45,-4,0|53,5,10