aimove[0]=0,0,4,2,0,0,4,2
aimove[1]=0,0,3,2,0,0,3,2
aimove[2]=0,0,2,1,0,0,2,1
aimove[3]=0,0,3,2,0,0,3,2
aimove[4]=0,0,1,1,0,0,1,1
aimove[5]=0,0,2,1,0,0,2,1
aimove[6]=0,0,1,1,0,0,1,1
aimove[7]=0,0,2,2,0,0,2,2
aimove[8]=0,0,1,1,0,0,1,2
aimove[9]=0,0,5,4,0,0,4,3
aimove[10]=0,0,4,3,0,0,4,3
aimove[11]=0,0,5,4,0,0,4,3
aimove[12]=0,0,0,0,5,4,5,4
aimove[13]=0,0,0,0,4,3,4,3
aimove[14]=2,2,2,2,2,2,2,2
aimove[15]=0,0,3,1,0,0,3,1
aimove[16]=0,0,3,2,0,0,3,2
aimove[17]=5,2,3,2,5,2,3,2
aimove[18]=0,0,2,3,0,0,2,3
aimove[19]=0,0,2,3,0,0,2,3
aimove[20]=2,3,2,3,2,3,2,3
aimove[21]=2,3,2,3,2,3,2,3
aimove[22]=2,3,2,3,2,3,2,3
aimove[23]=2,4,2,4,2,4,2,4
aimove[24]=0,0,3,2,0,0,3,2
aimove[25]=0,0,2,1,0,0,2,1
aimove[26]=0,0,3,2,0,0,3,2
aimove[27]=0,0,2,1,0,0,2,1
aimove[28]=0,0,0,0,4,3,4,3
aimove[29]=4,2,2,3,4,2,2,3
aimove[30]=2,3,2,3,2,3,2,3
aimove[31]=3,4,3,5,3,4,2,5