pages[00]=(45,63,13,13,45,03,45,57,37,53,49,15,13,13,45,09,41,53,49,45,05,47,27,19)
pages[01]=(19,63,11,33,03,19,09,57,37,19,49,15,63,03,05,09,19,15,49,03,05,47,43,17)
pages[02]=(31,63,11,33,03,03,19,19,19,29,19,15,63,03,05,09,19,31,19,03,19,47,19,17)
pages[03]=(05,63,11,33,03,03,21,57,37,29,21,15,63,03,05,09,41,15,49,03,05,47,43,17)
pages[04]=(45,31,11,19,45,03,45,57,53,23,53,45,63,53,05,31,25,53,49,07,05,47,43,17)
pages[05]=(13,63,11,33,31,03,09,57,19,29,49,19,63,03,05,09,25,31,49,53,05,47,43,17)
pages[06]=(45,63,11,23,45,03,09,19,37,53,49,13,19,41,05,09,13,13,49,45,05,19,19,17)
pages[07]=(57,57,11,61,57,57,09,57,57,57,49,15,57,21,57,09,41,41,57,21,57,57,43,57)
pages[08]=(05,63,11,33,03,03,09,57,37,29,49,15,63,03,05,09,41,15,49,21,05,47,43,17)
pages[09]=(05,63,11,33,21,03,09,57,37,29,49,15,63,21,05,09,25,15,49,03,05,47,43,17)
pages[10]=(05,63,31,23,03,53,19,19,37,53,19,15,63,03,05,09,25,53,49,03,05,53,43,17)
pages[11]=(53,63,11,33,45,03,09,01,19,53,49,19,63,03,05,45,31,15,49,21,05,47,19,17)
pages[12]=(05,63,19,33,41,19,09,57,19,29,49,15,19,03,05,09,25,15,49,03,19,19,43,19)
pages[13]=(05,19,19,33,03,53,09,23,37,23,49,53,19,19,31,09,25,15,49,19,05,47,43,17)
pages[14]=(45,63,11,33,03,03,09,57,37,29,27,15,63,03,27,19,25,15,19,03,19,47,19,17)
pages[15]=(31,19,11,33,03,03,19,01,19,29,19,45,63,53,05,09,25,53,19,31,19,47,43,17)
pages[16]=(05,63,11,33,41,03,09,01,37,29,19,15,19,41,41,19,41,41,49,41,05,47,19,19)
pages[17]=(05,07,11,33,03,03,09,01,07,07,49,15,41,07,27,09,25,15,49,07,05,47,53,17)
pages[18]=(13,19,11,33,19,19,31,57,19,29,49,15,63,03,05,09,25,31,49,03,19,47,43,17)
pages[19]=(45,63,19,33,03,03,45,23,23,19,19,23,19,03,05,09,25,15,49,03,05,47,43,17)
pages[20]=(05,63,11,33,31,03,09,57,37,19,49,13,63,13,05,09,41,13,49,19,05,47,19,17)
pages[21]=(05,19,11,33,03,03,09,57,07,29,49,15,63,53,53,19,31,31,49,31,05,19,27,17)
pages[22]=(05,63,11,33,03,03,09,01,37,29,49,15,63,03,05,09,25,15,49,03,05,47,43,17)
pages[23]=(05,19,11,19,03,03,09,57,19,29,49,13,63,53,53,09,25,31,19,31,19,19,19,19)
pages2[0]=(45,23,09,05,41,49,19,53)
pages2[1]=(21,61,09,57,47,49,55,57)
pages2[2]=(13,33,45,05,35,49,35,03)
pages2[3]=(39,61,09,05,51,59,55,03)
pages2[4]=(39,33,35,35,47,49,55,57)
pages2[5]=(13,33,19,57,47,49,55,35)
pages2[6]=(39,61,57,57,51,59,55,57)
pages2[7]=(53,61,09,05,51,35,55,03)
damage=7,6,10|13,3,7|19,0,0|21,1,0|27,-3,0|31,3,7|35,4,10|41,0,4|45,-6,0|53,4,8