pages[00]=(45,17,13,19,13,13,45,57,37,19,11,13,13,13,45,13,41,49,05,45,45,15,27,13)
pages[01]=(03,59,59,33,03,59,09,57,37,59,11,15,17,63,15,09,59,49,05,03,59,15,43,59)
pages[02]=(19,17,17,33,03,03,45,19,19,29,11,15,17,63,03,45,19,19,05,19,19,45,19,45)
pages[03]=(03,17,09,33,03,03,21,57,37,29,21,15,17,63,03,09,19,49,05,03,03,15,43,03)
pages[04]=(31,53,09,19,45,03,07,57,13,23,07,45,17,63,03,53,25,31,05,53,31,45,43,45)
pages[05]=(31,17,09,19,53,45,09,57,13,29,11,45,17,31,03,45,25,49,05,53,45,15,29,45)
pages[06]=(45,17,45,23,13,03,13,19,37,53,11,13,13,63,03,13,13,13,13,45,45,13,53,45)
pages[07]=(57,57,09,61,57,57,09,57,61,61,11,19,57,21,57,09,41,41,57,21,57,57,43,57)
pages[08]=(03,17,17,33,03,03,09,57,37,29,11,15,17,63,03,09,41,49,05,21,03,15,43,03)
pages[09]=(03,17,09,33,21,03,09,57,37,29,11,15,17,21,03,09,25,49,05,03,03,15,43,03)
pages[10]=(45,17,09,23,13,13,13,19,37,53,19,15,17,63,03,31,25,13,05,45,45,13,43,45)
pages[11]=(53,41,17,33,45,45,09,01,53,07,11,07,17,63,03,45,53,49,31,21,03,15,41,17)
pages[12]=(03,17,59,33,03,59,09,57,59,29,11,15,59,63,03,09,25,59,05,03,59,59,43,29)
pages[13]=(07,31,45,19,03,53,09,23,37,23,11,53,53,63,31,09,25,31,27,41,03,15,29,03)
pages[14]=(45,17,09,33,03,03,09,57,37,29,27,15,17,63,27,27,25,49,27,03,27,15,27,03)
pages[15]=(53,53,45,33,03,45,53,19,13,29,53,45,17,19,03,31,25,19,05,31,53,45,43,17)
pages[16]=(03,17,09,33,51,03,09,01,37,29,11,15,51,63,51,51,51,41,05,41,03,15,27,51)
pages[17]=(03,07,55,33,03,03,09,01,07,07,11,15,55,07,27,09,07,49,05,07,03,55,07,55)
pages[18]=(31,53,09,19,45,45,07,57,13,29,11,45,17,63,03,45,25,31,05,03,31,45,43,45)
pages[19]=(45,17,31,33,03,41,45,23,23,53,13,23,13,63,03,09,25,41,13,03,45,15,43,03)
pages[20]=(45,17,09,19,13,45,45,57,37,31,11,13,17,63,03,09,41,49,05,45,45,15,27,45)
pages[21]=(03,19,45,33,45,03,19,57,07,19,11,15,17,19,19,45,19,19,05,19,03,45,27,45)
pages[22]=(03,17,09,33,03,03,09,01,37,29,11,15,17,63,15,09,25,49,05,03,03,15,43,03)
pages[23]=(03,19,45,19,45,45,45,57,19,29,11,19,17,31,19,09,25,53,05,19,45,45,19,45)
pages2[0]=(45,23,09,17,41,09,19,19)
pages2[1]=(21,61,09,57,03,09,57,57)
pages2[2]=(53,33,45,17,35,09,35,03)
pages2[3]=(39,61,09,17,57,57,57,03)
pages2[4]=(39,33,47,47,03,09,57,57)
pages2[5]=(13,33,13,57,03,09,57,47)
pages2[6]=(39,61,57,57,57,57,57,57)
pages2[7]=(07,35,09,17,57,35,57,03)
damage=7,6,0|13,4,0|17,-4,0|19,0,0|21,0,0|27,-5,0|31,3,0|35,5,0|41,0,0|45,-4,0|47,4,0|51,1,0|53,5,0|55,1,0|59,0,0