aimove[0]=0,0,4,3,2,1,4,3
aimove[1]=0,0,3,2,2,1,2,1
aimove[2]=0,0,2,1,2,1,2,1
aimove[3]=0,0,2,2,2,2,2,2
aimove[4]=0,0,1,2,1,2,1,2
aimove[5]=0,0,1,2,1,2,1,2
aimove[6]=0,0,1,2,1,2,1,2
aimove[7]=0,0,1,2,1,2,1,2
aimove[8]=0,0,1,2,1,2,1,2
aimove[9]=0,0,1,2,1,2,1,2
aimove[10]=0,0,0,0,4,5,4,5
aimove[11]=1,1,1,1,1,1,1,1
aimove[12]=1,1,1,1,1,1,1,1
aimove[13]=2,2,1,1,1,1,1,1
aimove[14]=0,0,3,2,2,1,3,2
aimove[15]=0,0,2,3,2,3,2,3
aimove[16]=5,3,3,2,4,2,0,0
aimove[17]=0,0,0,0,0,0,2,4
aimove[18]=0,0,0,0,0,0,2,4
aimove[19]=2,3,2,3,2,3,2,3
aimove[20]=2,3,2,3,2,3,2,3
aimove[21]=2,3,2,3,2,3,2,3
aimove[22]=2,2,2,2,2,3,2,2
aimove[23]=0,0,3,2,1,3,3,2
aimove[24]=0,0,1,1,1,2,1,2
aimove[25]=0,0,0,0,3,2,3,2
aimove[26]=0,0,2,2,1,1,2,2
aimove[27]=1,1,1,1,1,1,1,1
aimove[28]=5,2,3,3,2,1,3,3
aimove[29]=2,3,2,3,3,2,2,3
aimove[30]=2,3,2,3,2,2,2,3