pages[00]=(45,00,13,13,13,13,45,57,37,31,59,13,00,13,45,13,41,13,13,45,45,63,27,13)
pages[01]=(03,00,19,33,03,19,09,57,37,19,59,15,00,03,15,09,19,15,05,03,19,63,43,19)
pages[02]=(53,00,49,33,03,03,45,53,13,29,59,15,00,45,03,45,13,53,31,31,53,19,53,19)
pages[03]=(03,00,49,33,03,03,21,57,37,29,21,15,00,03,03,09,19,15,05,03,03,63,43,17)
pages[04]=(31,00,49,19,45,03,07,57,13,23,07,45,00,31,03,53,25,31,05,53,31,63,43,17)
pages[05]=(31,00,49,31,53,45,09,57,13,29,59,45,00,31,03,45,25,31,05,53,45,63,29,53)
pages[06]=(45,00,49,23,13,03,13,19,37,53,59,13,00,13,03,13,13,13,13,45,45,13,53,17)
pages[07]=(57,00,49,61,57,57,09,57,61,61,59,19,00,21,57,09,41,41,57,21,57,57,43,57)
pages[08]=(03,00,49,33,03,03,09,57,37,29,59,15,00,03,03,09,41,15,05,21,03,63,43,17)
pages[09]=(03,00,49,33,21,03,09,57,37,29,59,15,00,21,03,09,25,15,05,03,03,63,43,17)
pages[10]=(45,00,49,23,13,13,13,19,37,53,19,15,00,03,03,31,25,13,05,45,45,13,43,31)
pages[11]=(53,00,49,33,45,45,09,01,53,07,59,55,00,03,03,45,53,15,05,21,03,63,41,17)
pages[12]=(03,00,19,33,03,19,09,57,19,29,59,15,00,03,03,09,25,19,05,03,19,19,43,19)
pages[13]=(07,00,49,19,03,53,09,23,37,23,59,53,00,19,31,09,25,55,27,41,03,63,29,17)
pages[14]=(45,00,49,33,03,03,09,57,37,29,27,15,00,03,27,27,25,15,27,03,27,63,27,17)
pages[15]=(53,00,49,33,03,45,53,19,13,29,53,45,00,53,03,31,25,53,05,31,53,63,43,17)
pages[16]=(03,00,49,33,51,03,09,01,37,29,51,15,00,51,51,51,51,41,05,41,03,63,27,51)
pages[17]=(03,00,49,33,03,03,09,01,07,07,59,15,00,55,27,09,07,55,05,07,03,63,07,17)
pages[18]=(31,00,49,53,45,45,07,57,13,29,59,45,00,03,03,45,25,31,19,03,31,07,43,53)
pages[19]=(45,00,31,33,03,41,45,23,23,53,13,23,00,03,03,09,25,41,05,03,45,63,43,17)
pages[20]=(45,00,49,13,13,45,45,57,37,31,19,13,00,13,03,09,41,13,13,45,45,63,27,19)
pages[21]=(03,00,19,33,45,03,53,57,07,53,31,15,00,31,53,45,13,53,05,31,03,19,27,19)
pages[22]=(03,00,49,33,03,03,09,01,37,29,59,15,00,03,15,09,25,15,05,03,03,63,43,17)
pages[23]=(03,00,19,19,45,45,45,57,19,29,09,19,00,19,19,09,25,19,05,19,45,19,19,19)
pages2[0]=(45,23,09,45,41,11,19,19)
pages2[1]=(21,61,09,57,03,11,57,57)
pages2[2]=(53,33,45,45,35,11,35,03)
pages2[3]=(39,61,09,45,57,57,57,03)
pages2[4]=(39,33,47,47,03,13,57,57)
pages2[5]=(13,33,13,57,03,11,57,47)
pages2[6]=(39,61,57,57,57,57,57,57)
pages2[7]=(07,35,53,45,57,35,57,03)
damage=7,8,0|13,5,0|19,0,0|21,0,0|27,-6,0|31,4,0|35,6,0|41,1,0|45,-4,0|47,5,0|51,0,0|53,6,0|55,-4,0