pages[00]=(45,59,13,19,13,19,45,57,37,19,13,13,13,00,45,13,41,00,05,45,45,00,27,53)
pages[01]=(03,19,09,33,03,03,11,57,37,29,09,15,59,00,15,09,25,00,05,03,03,00,43,19)
pages[02]=(19,59,09,33,03,03,45,19,19,29,09,15,59,00,03,45,19,00,31,19,19,00,19,23)
pages[03]=(03,59,09,33,03,03,23,57,37,29,63,15,59,00,03,09,19,00,05,03,03,00,43,29)
pages[04]=(31,53,09,19,45,03,31,57,19,23,63,45,59,00,03,53,25,00,05,53,53,00,43,23)
pages[05]=(19,59,09,19,19,45,11,57,19,29,63,45,59,00,03,45,25,00,19,53,45,00,29,23)
pages[06]=(45,59,53,23,13,03,13,19,37,53,13,13,13,00,03,13,13,00,05,45,45,00,53,53)
pages[07]=(57,57,09,61,57,57,11,57,61,61,63,19,57,00,57,09,41,00,57,21,57,00,43,57)
pages[08]=(03,59,09,33,03,03,11,57,37,29,63,15,59,00,03,09,41,00,05,21,03,00,43,23)
pages[09]=(03,59,09,33,21,03,11,57,37,29,63,15,59,00,03,09,25,00,05,03,03,00,43,29)
pages[10]=(45,59,09,23,13,19,13,19,37,19,53,15,59,00,03,31,25,00,05,45,45,00,43,19)
pages[11]=(53,41,09,33,45,45,11,01,19,19,63,07,59,00,03,45,53,00,05,21,03,00,41,07)
pages[12]=(03,59,09,33,03,03,11,57,37,29,63,15,59,00,03,09,25,00,05,03,03,00,43,29)
pages[13]=(31,31,19,19,03,19,11,23,37,23,63,53,53,00,31,09,25,00,05,41,03,00,29,23)
pages[14]=(45,59,27,33,03,03,11,57,37,29,27,15,59,00,27,27,25,00,05,03,27,00,27,29)
pages[15]=(53,53,45,33,03,45,53,19,19,29,53,45,59,00,03,31,25,00,19,31,19,00,43,23)
pages[16]=(03,59,09,33,03,03,11,01,37,29,19,15,19,00,19,09,19,00,05,41,03,00,27,19)
pages[17]=(03,07,53,33,03,03,11,01,07,19,53,15,31,00,27,09,31,00,05,31,03,00,07,23)
pages[18]=(31,53,09,53,45,45,07,57,19,29,63,45,59,00,03,45,25,00,05,03,19,00,43,23)
pages[19]=(45,59,31,33,03,41,45,23,23,19,13,23,19,00,03,09,25,00,05,03,45,00,43,23)
pages[20]=(45,59,09,19,19,45,45,57,37,19,63,19,59,00,03,09,41,00,05,45,45,00,27,23)
pages[21]=(03,19,45,33,45,03,19,57,19,19,19,15,59,00,19,45,19,00,19,19,03,00,27,23)
pages[22]=(03,59,09,33,03,03,11,01,37,29,63,15,59,00,15,09,25,00,05,03,03,00,43,29)
pages[23]=(03,19,45,19,45,45,45,57,19,29,63,19,59,00,19,09,25,00,19,19,45,00,19,23)
pages2[0]=(45,23,09,59,41,05,19,19)
pages2[1]=(21,61,09,57,17,05,49,57)
pages2[2]=(53,33,45,45,35,05,35,03)
pages2[3]=(39,61,09,45,55,51,49,03)
pages2[4]=(39,33,57,47,17,13,49,57)
pages2[5]=(13,33,13,57,17,05,49,47)
pages2[6]=(39,61,57,57,55,51,49,57)
pages2[7]=(07,35,53,45,55,51,49,03)
damage=7,9,0|13,3,0|19,-1,0|21,-1,0|27,-5,0|31,2,0|35,4,0|41,0,0|45,-4,0|47,3,0|53,4,0|59,-5,0