aimove[0]=0,0,0,0,3,3,3,3
aimove[1]=0,0,3,2,0,0,3,2
aimove[2]=0,0,3,2,0,0,3,2
aimove[3]=0,0,2,2,0,0,2,2
aimove[4]=0,0,3,2,0,0,3,2
aimove[5]=0,0,2,2,0,0,2,2
aimove[6]=0,0,2,2,0,0,2,2
aimove[7]=0,0,2,2,0,0,2,2
aimove[8]=0,0,2,2,0,0,2,2
aimove[9]=0,0,4,3,0,0,4,3
aimove[10]=0,0,3,3,0,0,3,3
aimove[11]=0,0,3,3,0,0,3,3
aimove[12]=2,2,3,3,2,2,3,3
aimove[13]=2,2,3,3,2,2,3,3
aimove[14]=0,0,3,2,0,0,3,2
aimove[15]=0,0,2,3,0,0,2,3
aimove[16]=5,2,0,0,4,2,0,0
aimove[17]=2,3,2,3,2,3,5,5
aimove[18]=2,3,2,3,2,3,2,3
aimove[19]=2,3,2,3,2,3,2,3
aimove[20]=3,3,3,3,2,3,2,3
aimove[21]=3,3,3,3,2,3,2,3
aimove[22]=3,4,3,4,3,4,3,4
aimove[23]=0,0,3,3,0,0,3,3
aimove[24]=0,0,3,2,0,0,3,2
aimove[25]=0,0,3,2,0,0,3,2
aimove[26]=0,0,0,0,3,3,3,3
aimove[27]=3,3,3,3,3,3,3,3
aimove[28]=4,2,2,4,4,2,3,4
aimove[29]=3,4,3,4,3,3,3,3
aimove[30]=3,4,3,4,3,4,3,4