pages[00]=(45,49,13,19,13,11,45,57,37,19,00,13,19,13,45,13,13,00,00,45,11,17,27,13)
pages[01]=(03,19,63,33,03,19,09,57,37,19,00,15,45,03,03,09,41,00,00,03,19,17,43,19)
pages[02]=(19,49,63,33,03,11,45,19,19,29,00,15,45,45,03,45,19,00,00,19,19,17,19,03)
pages[03]=(03,49,63,33,03,11,23,57,37,29,00,15,45,03,03,09,41,00,00,03,11,17,43,03)
pages[04]=(31,31,63,33,45,11,07,57,13,23,00,45,45,31,03,53,25,00,00,53,11,17,43,03)
pages[05]=(19,49,63,19,19,11,09,57,13,29,00,45,45,19,03,45,25,00,00,19,11,17,43,03)
pages[06]=(45,49,63,23,13,11,13,53,37,19,00,13,19,13,03,13,13,00,00,45,11,13,53,03)
pages[07]=(57,57,63,61,57,57,09,57,57,57,00,19,57,21,57,09,41,00,00,21,57,57,43,57)
pages[08]=(03,49,63,33,03,11,09,57,37,29,00,15,45,03,03,09,41,00,00,21,11,17,43,03)
pages[09]=(03,49,63,33,23,11,09,57,37,29,00,15,45,23,03,09,25,00,00,03,11,17,43,03)
pages[10]=(45,49,63,23,13,53,13,19,37,19,00,15,45,03,03,31,25,00,00,45,11,13,43,03)
pages[11]=(53,19,63,33,45,11,09,01,19,19,00,07,45,03,03,45,21,00,00,21,11,17,41,03)
pages[12]=(03,49,63,33,03,19,09,57,19,29,00,15,19,03,03,09,25,00,00,03,41,19,43,19)
pages[13]=(07,31,63,33,03,53,09,23,37,23,00,53,19,19,31,09,25,00,00,41,11,17,43,03)
pages[14]=(45,49,63,33,03,11,09,57,37,29,00,15,45,03,27,27,25,00,00,03,27,17,27,03)
pages[15]=(53,53,63,33,03,11,53,19,13,29,00,45,45,53,03,31,23,00,00,31,53,17,43,03)
pages[16]=(03,49,63,33,03,11,09,01,37,29,00,15,41,03,41,09,41,00,00,41,11,17,27,19)
pages[17]=(03,07,53,61,03,11,09,01,19,19,00,15,19,07,27,09,25,00,00,07,11,53,53,53)
pages[18]=(31,31,63,33,45,19,07,57,19,29,00,45,45,03,03,45,25,00,00,03,31,17,43,03)
pages[19]=(45,49,31,33,03,11,45,23,23,19,00,23,13,03,03,09,25,00,00,03,11,17,43,03)
pages[20]=(45,49,63,19,19,11,45,57,37,19,00,19,45,19,03,09,41,00,00,45,13,17,27,03)
pages[21]=(03,07,63,33,45,11,19,57,07,29,00,15,45,19,53,45,31,00,00,19,11,17,27,03)
pages[22]=(03,49,63,33,03,11,09,01,37,29,00,15,45,03,03,09,25,00,00,03,11,17,43,03)
pages[23]=(03,31,63,19,45,11,45,57,19,29,00,19,45,19,53,09,25,00,00,19,31,17,31,03)
pages2[0]=(45,23,09,03,41,59,19,19)
pages2[1]=(21,61,09,57,51,59,55,57)
pages2[2]=(53,33,45,03,35,59,35,03)
pages2[3]=(39,33,09,03,51,59,55,03)
pages2[4]=(39,33,05,35,51,59,55,57)
pages2[5]=(13,33,13,57,51,59,55,47)
pages2[6]=(39,61,05,57,51,59,55,57)
pages2[7]=(07,35,09,03,51,35,55,03)
damage=7,6,10|13,3,7|19,0,0|21,0,0|27,-5,0|31,2,6|35,4,8|41,0,4|45,-4,0|49,-5,0|53,4,8
