pages[00]=(45,55,13,19,13,19,45,57,37,19,45,13,13,13,45,13,41,00,13,45,45,49,27,13)
pages[01]=(03,19,49,33,03,59,11,57,37,19,51,15,55,03,15,09,19,00,51,03,17,49,43,19)
pages[02]=(19,55,49,33,03,59,45,19,19,29,51,15,55,45,03,45,19,00,19,19,19,49,19,49)
pages[03]=(03,55,49,33,03,59,23,57,37,29,21,15,55,03,03,09,19,00,51,03,17,49,43,49)
pages[04]=(31,53,49,19,45,59,07,57,19,23,07,45,55,31,03,53,25,00,45,53,19,49,43,49)
pages[05]=(19,55,49,19,19,45,11,57,19,29,51,45,55,19,03,45,25,00,45,19,45,49,29,49)
pages[06]=(45,55,49,23,13,59,13,19,37,19,51,13,13,13,03,13,13,00,13,45,45,13,53,49)
pages[07]=(57,57,49,61,57,57,11,57,61,61,51,19,57,21,57,09,41,00,63,21,57,57,43,57)
pages[08]=(03,55,49,33,03,59,11,57,37,29,51,15,55,03,03,09,41,00,51,21,17,49,43,49)
pages[09]=(03,55,49,33,23,59,11,57,37,29,51,15,55,23,03,09,25,00,51,03,17,49,43,49)
pages[10]=(45,55,49,23,13,19,13,19,37,19,19,15,55,03,03,31,25,00,51,45,45,13,43,49)
pages[11]=(53,41,49,33,45,45,11,01,19,19,51,07,55,03,03,45,53,00,45,21,17,49,41,49)
pages[12]=(03,55,49,33,03,59,11,57,19,29,51,15,19,03,03,09,25,00,51,03,17,19,43,19)
pages[13]=(07,31,49,19,03,19,11,23,37,23,51,53,53,19,31,09,25,00,27,41,17,49,29,49)
pages[14]=(45,55,49,33,03,59,11,57,37,29,27,15,55,03,27,27,25,00,27,03,27,49,27,49)
pages[15]=(53,53,49,33,03,45,53,19,19,29,53,45,55,53,03,31,25,00,45,31,19,49,43,49)
pages[16]=(03,19,49,33,03,59,11,01,37,29,51,15,19,03,03,09,19,00,51,41,17,49,27,19)
pages[17]=(03,07,53,33,03,59,11,01,07,19,51,15,53,07,27,09,07,00,51,07,17,53,07,53)
pages[18]=(31,53,49,19,45,45,07,57,19,29,51,45,55,03,03,45,25,00,45,03,19,49,43,49)
pages[19]=(45,55,31,33,03,41,45,23,23,19,13,23,13,03,03,09,25,00,51,03,45,49,43,49)
pages[20]=(45,55,49,19,19,45,45,57,37,19,45,19,55,19,03,09,41,00,19,45,45,49,27,49)
pages[21]=(03,19,49,33,45,59,19,57,19,19,19,15,55,19,19,45,19,00,45,19,17,49,27,49)
pages[22]=(03,55,49,33,03,59,11,01,37,29,51,15,55,03,15,09,25,00,51,03,17,49,43,49)
pages[23]=(03,19,49,19,45,45,45,57,19,29,45,19,55,19,19,09,25,00,45,19,45,49,19,49)
pages2[0]=(45,23,09,45,41,11,19,19)
pages2[1]=(21,61,09,57,51,11,57,57)
pages2[2]=(53,33,45,45,35,11,35,03)
pages2[3]=(39,61,09,45,63,03,57,03)
pages2[4]=(39,33,05,47,51,13,57,57)
pages2[5]=(13,33,13,57,51,11,57,47)
pages2[6]=(39,61,05,57,63,05,57,57)
pages2[7]=(07,35,09,45,63,05,57,03)
damage=7,7,0|13,3,0|19,0,0|21,0,0|27,-6,0|31,3,0|35,5,0|41,0,0|45,-4,0|47,3,0|49,-5,0|53,5,0