pages[00]=(45,49,19,19,45,03,09,57,37,19,17,15,19,13,00,09,19,00,00,45,05,15,19,19)
pages[01]=(19,19,63,33,03,03,09,57,37,29,19,15,45,03,00,09,19,00,00,03,05,15,43,03)
pages[02]=(31,49,63,33,03,03,19,19,37,29,31,15,45,03,00,09,25,00,00,03,19,15,19,03)
pages[03]=(03,49,63,33,03,03,21,57,37,29,21,15,45,03,00,09,41,00,00,03,05,15,43,03)
pages[04]=(45,49,63,19,45,03,09,57,13,23,07,45,45,31,00,31,25,00,00,19,05,15,43,03)
pages[05]=(13,49,63,19,31,03,09,57,19,29,17,19,45,03,00,19,25,00,00,19,05,15,43,03)
pages[06]=(45,49,63,23,45,03,09,19,37,19,17,13,19,41,00,09,41,00,00,45,05,19,19,03)
pages[07]=(57,57,63,61,57,57,09,57,57,57,17,15,57,21,00,09,41,00,00,21,57,57,43,57)
pages[08]=(03,49,63,33,03,03,09,57,37,29,17,15,45,03,00,09,41,00,00,21,05,15,43,03)
pages[09]=(03,49,63,33,21,03,09,57,37,29,17,15,45,21,00,09,25,00,00,03,05,15,43,03)
pages[10]=(03,49,19,23,03,19,19,01,37,29,19,15,45,03,00,09,25,00,00,03,05,53,43,03)
pages[11]=(07,19,63,33,45,03,09,01,37,19,17,07,45,03,00,09,19,00,00,21,05,15,41,03)
pages[12]=(03,49,19,33,41,03,09,57,19,29,17,15,19,03,00,09,25,00,00,03,19,41,43,41)
pages[13]=(03,19,31,19,03,53,09,23,37,23,17,53,19,19,00,09,25,00,00,19,05,15,43,03)
pages[14]=(45,49,63,33,03,03,09,57,37,29,27,15,45,03,00,19,25,00,00,03,19,15,19,03)
pages[15]=(53,31,19,33,03,03,53,19,19,29,07,45,45,07,00,19,25,00,00,31,53,15,43,03)
pages[16]=(03,49,63,33,41,03,09,01,37,29,41,15,41,41,00,19,19,00,00,41,05,15,27,41)
pages[17]=(03,31,63,33,03,03,09,01,37,19,17,15,31,07,00,09,25,00,00,53,05,15,53,31)
pages[18]=(13,19,63,33,19,03,31,57,37,29,17,15,45,03,00,09,25,00,00,03,19,19,43,03)
pages[19]=(45,49,19,33,03,03,09,23,23,29,13,23,13,03,00,09,25,00,00,03,05,15,43,03)
pages[20]=(03,49,63,19,31,03,19,57,37,19,17,13,45,13,00,09,41,00,00,03,19,15,19,03)
pages[21]=(03,19,63,33,03,03,09,57,37,29,17,15,45,53,00,19,19,00,00,19,05,19,27,03)
pages[22]=(03,49,63,33,03,03,09,01,37,29,17,15,45,03,00,09,25,00,00,03,05,15,43,03)
pages[23]=(03,19,63,33,03,03,09,57,37,29,17,13,45,53,00,09,25,00,00,19,19,31,19,19)
pages2[0]=(45,23,09,05,41,47,01,53)
pages2[1]=(21,61,09,57,59,47,55,51)
pages2[2]=(53,33,45,05,35,47,35,03)
pages2[3]=(39,61,45,05,59,47,55,03)
pages2[4]=(39,33,35,57,59,47,55,51)
pages2[5]=(13,33,45,57,59,47,55,35)
pages2[6]=(39,61,57,57,59,47,55,51)
pages2[7]=(53,35,09,05,59,35,55,03)
damage=7,5,9|13,2,6|19,0,0|21,0,0|27,-2,0|31,2,6|35,3,7|41,1,5|45,-3,0|49,-3,0|53,3,7