pages[00]=(49,00,51,13,13,00,49,57,37,31,00,13,00,13,49,13,41,13,00,49,00,59,27,13)
pages[01]=(05,00,51,33,03,00,11,57,37,19,00,15,00,03,15,09,19,15,00,05,00,59,43,63)
pages[02]=(53,00,53,33,03,00,49,53,13,29,00,31,00,45,05,45,13,53,00,31,00,59,53,63)
pages[03]=(05,00,51,33,03,00,23,57,37,29,00,15,00,03,03,09,41,15,00,05,00,59,43,63)
pages[04]=(31,00,51,53,45,00,07,57,13,23,00,45,00,31,03,53,25,31,00,53,00,59,43,63)
pages[05]=(31,00,51,31,53,00,11,57,13,19,00,19,00,31,03,45,25,31,00,53,00,59,29,63)
pages[06]=(49,00,53,23,13,00,13,13,37,53,00,13,00,13,05,13,13,13,00,49,00,59,53,63)
pages[07]=(55,00,51,57,55,00,11,57,57,57,00,19,00,21,55,09,41,41,00,21,00,61,43,61)
pages[08]=(05,00,51,33,03,00,11,57,37,29,00,15,00,05,03,09,41,15,00,21,00,59,43,63)
pages[09]=(05,00,51,33,21,00,11,57,37,29,00,15,00,21,03,09,25,15,00,05,00,59,43,63)
pages[10]=(19,00,51,23,13,00,13,13,37,53,00,15,00,03,05,31,25,13,00,49,00,59,43,63)
pages[11]=(53,00,51,33,45,00,11,01,53,07,00,07,00,53,03,45,53,15,00,21,00,07,41,63)
pages[12]=(05,00,51,33,03,00,11,57,19,19,00,15,00,05,03,09,25,15,00,05,00,19,43,63)
pages[13]=(07,00,51,53,03,00,11,23,53,23,00,53,00,19,31,09,25,31,00,41,00,59,29,63)
pages[14]=(49,00,51,33,03,00,11,57,37,29,00,15,00,03,27,27,25,15,00,05,00,59,27,63)
pages[15]=(53,00,51,33,03,00,53,53,13,29,00,45,00,53,03,31,25,53,00,31,00,59,43,53)
pages[16]=(05,00,51,33,03,00,11,01,37,29,00,15,00,17,03,17,25,41,00,41,00,59,27,17)
pages[17]=(05,00,07,33,03,00,11,01,07,07,00,15,00,07,27,09,07,41,00,07,00,59,07,63)
pages[18]=(31,00,51,53,19,00,07,57,13,29,00,19,00,05,05,45,25,31,00,05,00,59,43,63)
pages[19]=(49,00,51,33,03,00,49,23,23,53,00,23,00,03,05,09,25,41,00,05,00,59,43,63)
pages[20]=(19,00,51,13,13,00,19,57,19,31,00,13,00,13,05,09,41,13,00,49,00,13,27,63)
pages[21]=(05,00,51,33,45,00,31,57,07,53,00,31,00,31,31,45,13,53,00,31,00,59,27,63)
pages[22]=(05,00,51,33,03,00,11,01,37,29,00,15,00,03,15,09,25,15,00,05,00,59,43,63)
pages[23]=(05,00,51,31,45,00,49,57,31,19,00,31,00,31,31,09,25,31,00,13,00,59,53,63)
pages2[0]=(45,23,09,53,41,51,19,19)
pages2[1]=(21,57,09,57,05,51,57,55)
pages2[2]=(53,33,45,45,35,51,35,03)
pages2[3]=(39,57,09,45,55,61,57,03)
pages2[4]=(39,33,55,47,05,13,57,55)
pages2[5]=(13,33,13,57,05,51,57,47)
pages2[6]=(39,57,55,57,55,61,57,55)
pages2[7]=(07,35,53,45,55,61,57,03)
damage=7,7,0|13,4,0|17,0,0|19,0,0|21,0,0|27,-5,0|31,4,0|35,5,0|41,1,0|45,-5,0|47,4,0|49,-5,0|53,5,0