pages[00]=(45,00,19,19,45,00,45,57,37,19,00,17,00,13,05,09,19,13,00,45,00,47,19,19)
pages[01]=(05,00,49,33,03,00,09,57,37,29,00,17,00,03,05,09,19,15,00,03,00,47,43,63)
pages[02]=(19,00,49,33,03,00,19,19,37,29,00,17,00,03,05,09,25,31,00,03,00,47,19,63)
pages[03]=(05,00,49,33,03,00,23,57,37,29,00,17,00,03,05,09,19,15,00,03,00,47,43,63)
pages[04]=(45,00,49,19,45,00,45,57,13,23,00,17,00,53,05,53,25,53,00,07,00,47,43,63)
pages[05]=(19,00,49,33,31,00,09,57,37,29,00,19,00,03,05,19,25,31,00,53,00,47,43,63)
pages[06]=(45,00,49,23,45,00,19,19,37,53,00,53,00,13,05,09,13,53,00,45,00,19,53,63)
pages[07]=(57,00,49,61,57,00,09,57,57,57,00,17,00,21,57,09,41,15,00,21,00,57,43,57)
pages[08]=(05,00,49,33,03,00,09,57,37,29,00,17,00,03,05,09,25,15,00,21,00,47,43,63)
pages[09]=(05,00,49,33,21,00,09,57,37,29,00,17,00,21,05,09,25,15,00,03,00,47,43,63)
pages[10]=(05,00,31,23,03,00,19,19,37,19,00,17,00,03,05,09,25,53,00,03,00,53,43,63)
pages[11]=(53,00,49,33,45,00,09,01,19,53,00,07,00,03,05,45,31,15,00,21,00,47,41,63)
pages[12]=(05,00,19,33,19,00,09,57,19,29,00,17,00,03,05,09,25,15,00,03,00,19,43,19)
pages[13]=(05,00,19,33,03,00,09,23,37,23,00,53,00,19,19,09,25,15,00,19,00,47,43,63)
pages[14]=(45,00,49,33,03,00,09,57,37,29,00,17,00,03,19,27,25,15,00,03,00,47,19,63)
pages[15]=(31,00,19,33,03,00,53,19,19,29,00,17,00,07,05,53,25,31,00,13,00,47,43,63)
pages[16]=(05,00,49,33,41,00,09,01,37,29,00,17,00,41,41,41,41,41,00,41,00,47,27,41)
pages[17]=(05,00,49,33,03,00,09,01,37,19,00,17,00,53,19,09,25,15,00,53,00,47,19,63)
pages[18]=(19,00,49,33,19,00,31,57,37,29,00,17,00,03,05,09,25,31,00,03,00,47,43,63)
pages[19]=(45,00,19,33,03,00,45,23,23,19,00,23,00,03,05,09,25,15,00,03,00,47,43,63)
pages[20]=(05,00,49,33,31,00,09,57,37,29,00,13,00,13,05,09,19,13,00,19,00,47,19,63)
pages[21]=(05,00,49,33,03,00,09,57,37,29,00,17,00,19,19,19,19,19,00,19,00,47,19,63)
pages[22]=(05,00,49,33,03,00,09,01,37,29,00,17,00,03,05,09,25,15,00,03,00,47,43,63)
pages[23]=(05,00,49,33,03,00,09,57,37,29,00,19,00,19,19,09,25,19,00,19,00,19,19,63)
pages2[0]=(45,23,15,45,41,17,01,19)
pages2[1]=(21,61,15,57,05,17,55,57)
pages2[2]=(53,33,51,45,35,17,35,03)
pages2[3]=(39,61,15,45,11,59,55,03)
pages2[4]=(39,33,35,35,05,17,55,57)
pages2[5]=(13,33,31,57,05,17,55,35)
pages2[6]=(39,61,51,57,11,59,55,57)
pages2[7]=(53,61,15,45,11,35,55,03)
damage=7,6,10|13,4,8|19,0,0|21,0,0|27,-3,0|31,3,7|35,4,8|41,0,5|45,-2,0|53,4,8