pages[00]=(45,63,19,19,45,03,45,57,37,19,49,15,00,13,45,09,13,19,00,45,05,47,19,19)
pages[01]=(19,19,19,33,03,19,09,57,37,19,19,15,00,03,27,09,41,15,00,03,19,47,43,17)
pages[02]=(53,63,11,33,03,03,31,19,19,29,53,15,00,03,27,09,41,31,00,03,53,47,19,17)
pages[03]=(05,63,11,33,03,03,21,57,37,29,21,15,00,03,27,09,41,15,00,03,05,47,43,17)
pages[04]=(45,31,11,19,45,03,45,57,13,23,07,45,00,53,27,31,25,31,00,07,05,47,43,17)
pages[05]=(13,63,11,33,31,03,09,57,37,29,49,19,00,03,27,09,25,19,00,53,05,47,43,17)
pages[06]=(45,63,11,23,45,03,19,19,37,53,49,53,00,13,27,09,53,13,00,45,05,19,53,17)
pages[07]=(57,57,11,61,57,57,09,57,57,57,49,15,00,21,57,09,41,41,00,21,57,57,43,57)
pages[08]=(05,63,11,33,03,03,09,57,37,29,49,15,00,03,27,09,41,15,00,21,05,47,43,17)
pages[09]=(05,63,11,33,21,03,09,57,37,29,49,15,00,21,27,09,25,15,00,03,05,47,43,17)
pages[10]=(05,63,19,23,03,13,19,01,37,29,19,15,00,03,27,09,25,15,00,03,05,19,43,17)
pages[11]=(07,19,11,33,45,03,09,01,19,53,49,07,00,03,27,45,53,15,00,21,05,47,41,17)
pages[12]=(05,63,19,33,41,19,09,57,19,29,49,15,00,03,27,09,25,15,00,03,41,19,43,41)
pages[13]=(05,31,31,19,03,07,09,23,37,23,49,07,00,41,53,09,25,15,00,41,05,47,43,17)
pages[14]=(45,63,11,33,03,03,09,57,37,29,27,15,00,03,27,19,25,15,00,03,27,47,19,17)
pages[15]=(53,31,19,33,03,03,53,19,19,29,07,45,00,07,27,19,25,53,00,13,53,47,43,17)
pages[16]=(05,63,11,33,41,03,09,01,37,29,41,15,00,41,41,19,41,19,00,41,05,47,19,41)
pages[17]=(05,19,11,33,03,03,09,01,37,19,49,15,00,53,27,09,25,15,00,53,05,47,19,17)
pages[18]=(13,19,11,33,19,19,31,57,37,29,49,15,00,03,27,09,25,19,00,03,31,47,43,17)
pages[19]=(45,63,19,33,03,03,45,23,23,19,53,23,00,03,27,09,25,15,00,03,05,47,43,17)
pages[20]=(05,63,11,33,31,03,09,57,37,29,49,13,00,13,27,09,41,19,00,19,19,47,19,17)
pages[21]=(05,63,11,33,03,03,09,57,37,29,49,15,00,19,19,19,19,19,00,19,05,47,19,17)
pages[22]=(05,63,11,33,03,03,09,01,37,29,49,15,00,03,27,09,25,15,00,03,05,47,43,17)
pages[23]=(05,19,11,19,03,03,09,57,37,29,49,13,00,53,53,09,25,19,00,31,31,19,19,19)
pages2[0]=(45,23,11,17,41,63,01,31)
pages2[1]=(21,61,11,57,09,63,55,57)
pages2[2]=(13,33,45,17,35,63,35,05)
pages2[3]=(39,61,11,17,51,59,55,05)
pages2[4]=(39,33,35,35,09,63,55,57)
pages2[5]=(19,33,19,57,09,63,55,35)
pages2[6]=(39,61,57,57,51,59,55,57)
pages2[7]=(53,35,11,17,51,35,55,05)
damage=7,7,11|13,3,7|19,0,0|21,0,0|27,-4,0|31,3,7|35,6,10|41,0,4|45,-4,0|53,6,10