pages[00]=(45,17,13,13,13,13,45,57,37,31,01,13,13,13,45,13,41,13,13,01,45,15,27,13)
pages[01]=(03,19,19,33,03,19,09,57,37,19,51,15,17,03,15,09,19,63,11,25,19,15,43,19)
pages[02]=(53,17,17,33,03,03,45,53,13,29,51,15,17,45,03,45,13,53,31,31,53,45,53,45)
pages[03]=(03,17,09,33,03,03,21,57,37,29,21,15,17,03,03,09,19,63,11,25,03,15,43,03)
pages[04]=(31,53,09,19,45,03,07,57,13,23,07,45,17,31,03,53,25,31,01,53,31,45,43,45)
pages[05]=(31,17,09,31,53,45,09,57,13,29,51,45,17,31,03,45,25,31,01,53,45,15,29,45)
pages[06]=(45,17,45,23,13,03,13,19,37,53,51,13,13,13,03,13,13,13,13,01,45,13,53,45)
pages[07]=(57,57,09,61,57,57,09,57,61,61,51,19,57,21,57,09,41,41,57,21,57,57,43,57)
pages[08]=(03,17,17,33,03,03,09,57,37,29,51,15,17,03,03,09,41,63,11,21,03,15,43,03)
pages[09]=(03,17,09,33,21,03,09,57,37,29,51,15,17,21,03,09,25,63,11,25,03,15,43,03)
pages[10]=(45,17,09,23,13,13,13,19,37,53,19,15,17,03,03,31,25,13,11,01,45,13,43,45)
pages[11]=(53,41,17,33,45,45,09,01,53,07,51,07,17,03,03,45,53,63,19,21,03,15,41,17)
pages[12]=(03,17,19,33,03,19,09,57,19,29,51,15,19,03,03,09,25,19,11,25,19,19,43,19)
pages[13]=(07,31,55,19,03,53,09,23,37,23,51,53,55,19,31,09,25,31,27,41,03,15,29,03)
pages[14]=(45,17,09,33,03,03,09,57,37,29,27,15,17,03,27,27,25,63,27,25,27,15,27,03)
pages[15]=(53,53,45,33,03,45,53,19,13,29,53,45,17,53,03,31,25,53,19,31,53,45,43,17)
pages[16]=(03,17,09,33,19,03,09,01,37,29,19,15,19,19,19,19,19,41,11,41,03,15,27,19)
pages[17]=(03,07,55,33,03,03,09,01,07,07,51,15,55,07,27,09,07,41,11,07,03,55,07,55)
pages[18]=(31,53,09,53,45,45,07,57,13,29,51,45,17,03,03,45,25,31,11,25,31,45,43,45)
pages[19]=(45,17,31,33,03,41,45,23,23,53,13,23,13,03,03,09,25,41,11,25,45,15,43,03)
pages[20]=(45,17,09,13,13,45,45,57,37,31,19,13,17,13,03,09,41,63,13,01,45,15,27,45)
pages[21]=(03,53,45,33,45,03,53,57,07,53,31,15,17,31,53,45,13,53,11,31,03,45,27,45)
pages[22]=(03,17,09,33,03,03,09,01,37,29,51,15,17,03,15,09,25,63,11,25,03,15,43,03)
pages[23]=(03,19,45,19,45,45,45,57,19,29,01,19,17,19,19,09,25,19,11,19,45,45,19,45)
pages2[0]=(45,23,11,17,41,51,19,19)
pages2[1]=(21,61,11,57,25,51,57,57)
pages2[2]=(53,33,11,17,35,51,35,03)
pages2[3]=(39,61,11,17,05,49,57,03)
pages2[4]=(39,33,47,47,25,13,57,57)
pages2[5]=(13,33,13,57,25,51,57,47)
pages2[6]=(39,61,57,57,57,57,57,57)
pages2[7]=(07,35,53,17,57,35,57,03)
damage=7,8,0|13,4,0|19,0,0|21,0,0|27,-5,0|31,2,0|35,3,0|41,1,0|45,-4,0|47,4,0|53,3,0|55,0,0