pages[00]=(49,00,00,19,13,13,49,57,37,31,49,13,17,13,49,13,41,13,13,49,49,00,27,00)
pages[01]=(05,00,00,33,03,59,11,55,37,59,11,15,17,03,15,09,59,17,03,05,59,00,43,00)
pages[02]=(19,00,00,33,03,03,49,19,19,29,11,15,17,45,05,45,19,17,19,19,19,00,19,00)
pages[03]=(05,00,00,33,03,03,21,55,37,29,21,15,17,03,03,09,19,17,03,05,05,00,43,00)
pages[04]=(31,00,00,19,45,03,07,57,13,23,07,45,17,31,03,53,25,17,45,53,31,00,43,00)
pages[05]=(31,00,00,19,53,45,11,57,13,29,11,45,17,31,03,45,25,53,45,53,49,00,29,00)
pages[06]=(49,00,00,23,13,03,13,19,37,53,11,13,13,13,05,13,13,13,13,49,49,00,53,00)
pages[07]=(57,00,00,57,57,57,11,55,57,57,11,19,61,21,57,09,41,17,57,21,57,00,43,00)
pages[08]=(05,00,00,33,03,03,11,55,37,29,11,15,17,05,03,09,41,17,03,21,05,00,43,00)
pages[09]=(05,00,00,33,21,03,11,55,37,29,11,15,17,21,03,09,25,17,03,05,05,00,43,00)
pages[10]=(49,00,00,23,13,13,13,19,37,53,19,15,13,03,05,31,25,13,03,49,49,00,43,00)
pages[11]=(53,00,00,33,45,45,11,01,53,07,11,07,17,03,03,45,53,53,45,21,05,00,41,00)
pages[12]=(05,00,00,33,03,59,11,55,59,29,11,15,17,05,03,09,25,17,03,05,59,00,43,00)
pages[13]=(07,00,00,19,03,53,11,23,37,23,11,53,53,19,31,09,25,17,27,41,05,00,29,00)
pages[14]=(49,00,00,33,03,03,11,57,37,29,27,15,27,03,27,27,25,17,27,05,27,00,27,00)
pages[15]=(53,00,00,33,03,45,53,19,13,29,53,45,53,53,03,31,25,53,45,31,53,00,43,00)
pages[16]=(05,00,00,33,51,03,11,01,37,29,51,15,17,51,51,51,51,17,03,41,05,00,27,00)
pages[17]=(05,00,00,33,03,03,11,01,07,07,11,15,17,07,27,09,07,17,03,07,05,00,07,00)
pages[18]=(31,00,00,19,45,45,07,57,13,29,09,45,17,05,05,45,25,17,45,05,31,00,43,00)
pages[19]=(49,00,00,33,03,41,49,23,23,53,13,23,19,03,05,09,25,17,03,05,49,00,43,00)
pages[20]=(49,00,00,19,13,49,49,57,37,31,49,13,17,13,05,09,41,13,13,49,49,00,27,00)
pages[21]=(05,00,00,33,45,03,19,57,07,19,19,15,17,19,19,45,19,17,45,19,05,00,27,00)
pages[22]=(05,00,00,33,03,03,11,01,37,29,11,15,17,03,15,09,25,17,03,05,05,00,43,00)
pages[23]=(05,00,00,19,45,45,49,57,19,29,49,19,17,19,19,09,25,17,45,19,49,00,19,00)
pages2[0]=(45,23,17,53,41,11,19,19)
pages2[1]=(21,63,17,57,05,11,55,57)
pages2[2]=(53,33,17,45,35,11,35,03)
pages2[3]=(39,63,17,45,57,57,55,03)
pages2[4]=(39,33,61,47,05,13,57,57)
pages2[5]=(13,33,13,57,05,11,57,47)
pages2[6]=(39,63,61,57,57,57,55,57)
pages2[7]=(07,35,53,45,57,57,57,03)
damage=7,8,0|13,5,0|19,1,0|21,0,0|27,-5,0|31,5,0|35,6,0|41,1,0|45,-4,0|47,5,0|49,-4,0|51,1,0|53,6,0|59,1,0