aimove[0]=0,0,4,3,0,0,4,3
aimove[1]=0,0,4,3,0,0,4,3
aimove[2]=0,0,0,0,3,2,3,2
aimove[3]=0,0,0,0,2,2,2,2
aimove[4]=0,0,0,0,2,3,2,3
aimove[5]=0,0,0,0,2,2,2,2
aimove[6]=0,0,0,0,2,2,2,2
aimove[7]=0,0,2,2,0,0,2,2
aimove[8]=0,0,2,3,2,3,2,3
aimove[9]=0,0,0,0,2,2,2,2
aimove[10]=3,2,2,2,1,2,1,2
aimove[11]=0,0,0,0,2,2,3,2
aimove[12]=0,0,0,0,2,3,2,3
aimove[13]=5,3,3,2,2,2,0,0
aimove[14]=2,3,2,3,2,3,2,3
aimove[15]=2,3,2,4,2,3,2,4
aimove[16]=2,3,2,3,2,3,2,3
aimove[17]=2,3,2,3,2,3,2,3
aimove[18]=0,0,0,0,1,3,3,2
aimove[19]=0,0,0,0,1,4,1,1
aimove[20]=0,0,0,0,1,3,1,2
aimove[21]=0,0,2,2,0,0,2,2
aimove[22]=0,0,1,1,0,0,1,1
aimove[23]=5,2,3,3,2,1,3,3
aimove[24]=2,3,2,4,3,2,2,4
aimove[25]=2,4,2,3,2,3,2,3