pages[00]=(45,00,37,19,13,17,45,47,37,17,49,13,39,00,45,13,41,59,00,45,49,63,27,00)
pages[01]=(03,00,37,33,03,61,09,57,37,19,51,15,17,00,15,09,19,05,00,03,61,63,43,00)
pages[02]=(19,00,37,33,03,17,45,19,19,29,17,15,39,00,03,45,19,05,00,19,17,45,19,00)
pages[03]=(03,00,37,33,03,61,21,57,37,29,21,15,39,00,03,09,19,05,00,03,61,45,43,00)
pages[04]=(31,00,17,19,45,61,07,57,13,23,17,45,17,00,03,53,25,59,00,53,17,45,43,00)
pages[05]=(31,00,37,19,53,49,09,57,13,29,51,45,17,00,03,45,25,59,00,53,49,63,29,00)
pages[06]=(45,00,49,23,13,61,13,19,37,53,51,13,39,00,03,13,13,59,00,45,49,53,53,00)
pages[07]=(57,00,37,57,57,55,09,57,55,57,51,19,55,00,57,09,41,41,00,21,55,57,43,00)
pages[08]=(03,00,37,33,03,61,09,57,37,29,51,15,39,00,03,09,41,05,00,21,61,63,43,00)
pages[09]=(03,00,37,33,21,61,09,57,37,29,51,15,39,00,03,09,25,05,00,03,61,63,43,00)
pages[10]=(45,00,37,23,13,61,13,19,37,53,17,15,39,00,03,31,25,59,00,45,49,53,43,00)
pages[11]=(53,00,17,33,45,49,09,01,53,07,51,07,17,00,03,45,53,05,00,21,61,63,41,00)
pages[12]=(03,00,17,33,03,17,45,57,19,29,51,15,39,00,03,09,25,59,00,03,61,53,43,00)
pages[13]=(07,00,49,19,03,61,09,23,37,23,41,53,41,00,31,09,25,59,00,41,61,63,29,00)
pages[14]=(45,00,37,33,03,27,09,57,37,29,51,15,39,00,27,27,25,05,00,03,61,27,27,00)
pages[15]=(53,00,49,33,03,49,53,19,13,29,17,45,17,00,03,31,25,59,00,31,17,45,43,00)
pages[16]=(03,00,37,33,19,61,09,01,37,29,51,15,39,00,19,19,19,05,00,41,61,63,27,00)
pages[17]=(03,00,41,33,03,61,09,01,07,07,51,15,39,07,27,09,07,05,00,07,61,07,07,00)
pages[18]=(31,00,37,19,45,49,07,35,13,29,51,45,39,00,03,45,25,59,00,03,61,45,43,00)
pages[19]=(45,00,17,33,03,61,45,23,23,41,51,23,39,00,03,09,25,05,00,03,49,63,43,00)
pages[20]=(45,00,37,19,13,49,45,57,37,17,49,13,39,00,03,09,41,59,00,45,49,63,27,00)
pages[21]=(03,00,49,33,45,17,19,57,07,19,51,15,39,00,19,45,19,05,00,19,61,45,27,00)
pages[22]=(03,00,37,33,03,61,09,01,37,29,51,15,39,00,15,09,25,05,00,03,61,63,43,00)
pages[23]=(03,00,49,19,45,49,45,57,19,51,41,19,39,00,19,09,25,05,00,19,49,45,19,00)
pages2[0]=(49,23,61,13,41,09,19,59)
pages2[1]=(21,57,61,57,51,09,55,11)
pages2[2]=(41,33,49,03,55,09,35,05)
pages2[3]=(39,57,61,03,55,57,55,05)
pages2[4]=(39,33,55,47,51,09,55,11)
pages2[5]=(17,33,17,57,51,09,55,47)
pages2[6]=(39,57,55,57,55,57,55,11)
pages2[7]=(41,35,41,03,55,35,55,05)
damage=7,6,0|13,3,0|17,0,0|19,0,0|21,0,0|27,-6,0|31,2,0|35,4,0|41,1,0|45,-4,0|47,3,0|49,-4,0|53,4,0|59,-2,0