pages[00]=(45,63,13,13,45,00,45,57,37,53,49,15,13,13,45,09,41,53,49,45,00,47,27,13)
pages[01]=(19,19,19,33,03,19,09,57,37,19,19,15,63,03,05,09,41,15,49,03,19,47,43,17)
pages[02]=(53,63,00,33,03,00,53,53,19,29,53,15,63,03,05,09,41,53,53,03,19,47,13,17)
pages[03]=(05,63,00,33,03,00,21,57,37,29,21,15,63,03,05,09,41,15,49,03,00,47,43,17)
pages[04]=(45,63,00,19,45,00,45,57,37,23,53,45,63,19,05,31,25,31,49,53,00,47,43,17)
pages[05]=(13,63,00,19,19,00,09,57,37,29,49,19,63,03,05,19,25,31,49,53,00,47,43,17)
pages[06]=(45,63,00,23,45,00,31,31,37,07,49,53,13,41,05,09,53,53,49,45,00,19,53,17)
pages[07]=(57,57,00,61,57,57,09,57,57,57,49,15,57,21,57,09,41,41,57,21,57,57,43,57)
pages[08]=(05,63,00,33,03,00,09,57,37,29,49,15,63,03,05,09,41,15,49,21,00,47,43,17)
pages[09]=(05,63,00,33,21,00,09,57,37,29,49,15,63,21,05,09,25,15,49,03,00,47,43,17)
pages[10]=(05,63,31,23,03,53,31,53,37,53,19,15,63,03,05,09,25,53,49,03,00,53,43,17)
pages[11]=(53,63,00,33,45,00,09,01,37,53,49,19,63,03,05,45,31,15,49,21,00,47,41,17)
pages[12]=(05,63,19,33,19,19,09,57,19,29,49,15,19,03,05,09,25,15,49,03,19,19,43,41)
pages[13]=(05,19,19,19,03,53,09,23,37,23,49,53,19,19,31,09,25,15,27,19,00,47,43,17)
pages[14]=(45,63,00,33,03,00,09,57,37,29,27,15,63,03,27,27,25,15,27,03,27,47,27,17)
pages[15]=(31,19,00,33,03,00,53,19,37,29,53,45,63,19,05,19,25,53,19,31,19,47,43,17)
pages[16]=(05,63,00,33,19,00,09,01,37,29,41,15,19,19,41,41,41,41,49,41,00,47,27,41)
pages[17]=(05,07,00,33,03,00,09,01,19,07,49,15,41,53,27,09,25,15,49,07,00,47,07,17)
pages[18]=(31,31,00,53,19,31,07,57,19,29,49,15,63,03,05,09,25,53,49,03,31,19,43,17)
pages[19]=(45,63,19,33,03,00,45,23,23,53,53,23,13,03,05,09,25,15,49,03,00,47,43,17)
pages[20]=(05,63,00,53,31,00,31,57,37,31,49,53,63,13,05,09,41,31,49,53,19,47,27,17)
pages[21]=(05,19,00,33,03,00,09,57,19,29,49,15,63,19,53,41,31,31,49,31,00,19,27,17)
pages[22]=(05,63,00,33,03,00,09,01,37,29,49,15,63,03,05,09,25,15,49,03,00,47,43,17)
pages[23]=(05,19,00,13,03,00,09,57,37,29,49,13,63,19,53,09,25,31,19,31,19,19,31,19)
pages2[0]=(45,23,09,05,41,11,53,53)
pages2[1]=(21,61,09,57,49,11,55,57)
pages2[2]=(13,33,45,05,35,11,35,05)
pages2[3]=(39,61,09,05,51,59,55,05)
pages2[4]=(39,33,35,35,49,11,55,57)
pages2[5]=(53,33,13,57,49,11,55,35)
pages2[6]=(39,61,57,57,51,59,55,57)
pages2[7]=(53,35,09,05,51,35,55,05)
damage=7,4,8|13,2,6|19,0,0|21,1,0|27,-4,0|31,1,5|35,3,7|41,0,4|45,-4,0|53,3,7