pages[00]=(45,63,13,13,45,03,45,57,37,19,00,15,13,13,45,49,13,00,00,45,05,47,19,19)
pages[01]=(19,19,19,33,03,19,09,57,37,19,00,15,63,03,05,49,41,00,00,05,19,47,43,17)
pages[02]=(53,63,11,33,03,03,53,19,31,29,00,15,63,03,05,49,41,00,00,05,19,47,19,17)
pages[03]=(05,63,11,33,03,03,21,57,37,29,00,15,63,03,05,49,41,00,00,05,05,47,43,17)
pages[04]=(45,31,11,53,45,03,45,57,53,23,00,45,63,53,05,53,25,00,00,53,05,47,43,17)
pages[05]=(31,63,11,31,31,03,09,57,13,29,00,31,63,03,05,31,25,00,00,53,05,47,43,17)
pages[06]=(45,63,11,23,45,03,31,19,37,53,00,53,53,13,05,49,53,00,00,45,05,19,53,17)
pages[07]=(57,57,11,61,57,57,09,57,57,57,00,15,57,21,57,49,41,00,00,21,57,57,43,57)
pages[08]=(05,63,11,33,03,03,09,57,37,29,00,15,63,03,05,49,41,00,00,21,05,47,43,17)
pages[09]=(05,63,11,33,23,03,09,57,37,29,00,15,63,21,05,49,25,00,00,05,05,47,43,17)
pages[10]=(05,63,31,23,03,13,19,01,37,29,00,15,63,03,05,49,25,00,00,05,05,19,43,17)
pages[11]=(07,19,11,33,45,03,09,01,53,53,00,07,63,03,05,45,53,00,00,21,05,47,41,17)
pages[12]=(05,63,41,33,19,19,09,57,19,29,00,15,19,03,05,49,25,00,00,05,19,19,43,41)
pages[13]=(05,31,53,53,03,07,09,23,37,23,00,07,07,41,53,49,25,00,00,19,05,47,43,17)
pages[14]=(45,63,11,33,03,03,09,57,37,29,00,15,63,03,27,27,25,00,00,05,19,47,19,17)
pages[15]=(31,19,19,33,03,03,53,01,19,29,00,45,63,53,05,19,25,00,00,19,19,47,43,17)
pages[16]=(05,63,11,33,19,03,09,01,37,29,00,15,41,41,41,41,41,00,00,19,05,47,19,41)
pages[17]=(05,19,11,33,03,03,09,01,19,19,00,15,41,53,27,49,25,00,00,19,05,47,19,17)
pages[18]=(13,19,11,19,03,19,53,57,19,29,00,15,63,03,05,49,25,00,00,05,19,47,43,17)
pages[19]=(45,63,31,33,03,03,45,23,23,19,00,23,53,03,05,49,25,00,00,05,05,47,43,17)
pages[20]=(05,63,11,53,31,03,31,57,37,19,00,53,63,31,05,49,41,00,00,19,19,47,27,17)
pages[21]=(05,63,11,33,03,03,09,57,19,29,00,15,63,19,19,19,19,00,00,19,05,47,19,17)
pages[22]=(05,63,11,33,03,03,09,01,37,29,00,15,63,03,05,49,25,00,00,05,05,47,43,17)
pages[23]=(05,63,11,19,03,03,09,57,37,29,00,19,63,19,19,49,25,00,00,19,19,19,19,19)
pages2[0]=(45,23,49,03,41,47,01,31)
pages2[1]=(21,61,49,57,11,47,55,57)
pages2[2]=(13,33,45,03,35,47,35,03)
pages2[3]=(39,61,49,03,51,59,55,03)
pages2[4]=(39,33,35,35,11,47,55,57)
pages2[5]=(13,33,31,57,11,47,55,35)
pages2[6]=(39,61,57,57,51,59,55,57)
pages2[7]=(07,35,49,03,51,35,55,03)
damage=7,8,12|13,5,9|19,1,0|21,1,0|27,-3,0|31,5,9|35,6,10|41,1,5|45,-4,0|53,6,10