pages[00]=(45,00,13,13,45,11,45,57,37,19,05,15,00,13,00,09,13,00,05,45,11,00,27,19)
pages[01]=(03,00,19,33,03,19,09,57,37,29,19,15,00,03,00,09,19,00,05,03,19,00,43,17)
pages[02]=(19,00,17,33,03,11,31,19,19,29,19,15,00,03,00,09,25,00,19,03,19,00,19,17)
pages[03]=(03,00,17,33,03,11,21,57,37,29,21,15,00,03,00,09,41,00,05,03,11,00,43,17)
pages[04]=(45,00,17,19,45,11,45,57,13,23,53,45,00,31,00,53,25,00,05,53,11,00,43,17)
pages[05]=(13,00,17,31,53,11,09,57,13,29,05,31,00,03,00,31,25,00,05,07,11,00,43,17)
pages[06]=(45,00,17,23,45,57,31,19,37,53,05,53,00,13,00,09,13,00,05,45,11,00,53,17)
pages[07]=(57,00,17,61,57,11,09,57,57,57,05,15,00,21,00,09,41,00,57,21,57,00,43,57)
pages[08]=(03,00,17,33,03,11,09,57,37,29,05,15,00,03,00,09,41,00,05,21,11,00,43,17)
pages[09]=(03,00,17,33,21,19,09,57,37,29,05,15,00,21,00,09,25,00,05,03,11,00,43,17)
pages[10]=(03,00,19,23,03,11,19,19,37,19,19,15,00,03,00,09,25,00,05,03,11,00,43,17)
pages[11]=(53,00,17,33,45,11,09,01,53,53,05,07,00,03,00,45,31,00,05,21,11,00,41,17)
pages[12]=(03,00,19,33,41,19,09,57,19,29,05,15,00,03,00,09,25,00,05,03,19,00,43,19)
pages[13]=(03,00,19,53,03,11,09,23,37,23,05,07,00,41,00,09,25,00,05,41,11,00,43,17)
pages[14]=(45,00,17,33,03,11,09,57,37,29,27,15,00,03,00,27,25,00,19,03,27,00,19,17)
pages[15]=(31,00,19,33,03,11,07,19,13,29,53,45,00,07,00,53,25,00,19,13,53,00,43,17)
pages[16]=(03,00,17,33,41,11,09,01,37,29,19,15,00,41,00,41,19,00,05,41,11,00,19,19)
pages[17]=(03,00,17,33,03,11,09,01,19,19,05,15,00,53,00,09,25,00,05,53,11,00,53,17)
pages[18]=(13,00,17,53,53,11,53,57,13,29,05,15,00,03,00,09,25,00,05,03,31,00,43,17)
pages[19]=(45,00,19,33,03,11,45,23,23,29,19,23,00,03,00,09,25,00,05,03,11,00,43,17)
pages[20]=(03,00,17,53,13,11,19,57,37,19,05,53,00,31,00,09,19,00,05,53,19,00,19,17)
pages[21]=(03,00,17,33,03,11,09,57,19,29,05,15,00,19,00,19,19,00,05,19,11,00,19,17)
pages[22]=(03,00,17,33,03,11,09,01,37,29,05,15,00,03,00,09,25,00,05,03,11,00,43,17)
pages[23]=(03,00,17,19,03,11,09,57,37,29,05,19,00,19,00,09,25,00,05,19,19,00,19,17)
pages2[0]=(45,23,05,45,41,05,01,19)
pages2[1]=(21,61,05,57,43,05,55,63)
pages2[2]=(13,33,45,45,35,05,35,11)
pages2[3]=(39,61,05,45,51,59,55,11)
pages2[4]=(39,33,35,47,43,05,55,63)
pages2[5]=(19,33,31,57,43,05,55,47)
pages2[6]=(39,61,49,57,51,59,55,63)
pages2[7]=(31,35,05,45,51,35,55,11)
damage=7,6,10|13,3,7|19,0,0|21,0,0|27,-3,1|31,1,5|35,5,9|41,0,4|45,-4,0|47,3,0|53,5,9
