pages[00]=(45,17,13,13,45,03,45,57,37,19,00,15,19,13,45,09,13,13,63,45,05,47,19,19)
pages[01]=(05,17,19,33,03,03,11,57,37,29,00,15,17,03,03,09,19,49,63,03,19,47,43,47)
pages[02]=(31,17,47,33,03,03,53,19,19,29,00,15,17,03,03,09,41,53,31,03,53,47,19,47)
pages[03]=(05,17,47,33,03,03,21,57,37,29,00,15,17,03,03,09,41,49,63,03,05,47,43,47)
pages[04]=(45,31,47,53,45,03,45,57,13,23,00,45,17,53,03,53,25,53,63,07,05,47,43,47)
pages[05]=(13,17,47,31,53,03,11,57,19,29,00,31,17,03,03,31,25,53,63,07,05,47,43,47)
pages[06]=(45,17,47,23,45,03,19,19,37,19,00,13,19,41,03,09,13,13,63,45,05,19,19,47)
pages[07]=(57,57,47,61,57,57,11,57,57,57,00,15,57,21,57,09,41,41,57,21,57,57,43,57)
pages[08]=(05,17,47,33,03,03,11,57,37,29,00,15,17,03,03,09,41,49,63,21,05,47,43,47)
pages[09]=(05,17,47,33,21,03,11,57,37,29,00,15,17,21,03,09,25,49,63,03,05,47,43,47)
pages[10]=(05,17,31,23,03,19,19,01,37,29,00,15,17,03,03,09,25,19,63,03,05,19,43,47)
pages[11]=(53,19,47,33,45,03,11,01,19,53,00,07,17,03,03,45,53,49,63,21,05,47,41,47)
pages[12]=(05,17,41,33,41,19,11,57,19,29,00,15,19,03,03,09,25,49,63,03,41,19,43,41)
pages[13]=(05,31,53,53,03,53,11,23,37,23,00,07,53,41,53,09,25,49,27,41,05,47,43,47)
pages[14]=(45,17,47,33,03,03,11,57,37,29,00,15,17,03,27,27,25,49,27,03,27,47,27,47)
pages[15]=(31,31,31,33,03,03,07,19,19,29,00,45,17,07,03,53,25,31,19,13,53,47,43,47)
pages[16]=(05,17,47,33,41,03,11,01,37,29,00,15,19,41,41,41,41,41,63,41,05,47,19,41)
pages[17]=(05,19,47,33,03,03,11,01,37,19,00,15,19,53,27,09,25,49,63,53,05,47,19,47)
pages[18]=(19,19,47,19,19,03,53,57,37,29,00,15,17,03,03,09,25,31,63,03,31,47,43,47)
pages[19]=(45,17,31,33,03,03,45,23,23,19,00,23,13,03,03,09,25,49,63,03,05,47,43,47)
pages[20]=(05,17,47,53,13,03,31,57,37,19,00,53,17,31,03,09,41,31,63,53,13,47,27,47)
pages[21]=(05,17,47,33,03,03,11,57,37,29,00,15,17,19,19,19,19,19,63,19,05,47,19,47)
pages[22]=(05,17,47,33,03,03,11,01,37,29,00,15,17,03,03,09,25,49,63,03,05,47,43,47)
pages[23]=(05,17,47,19,03,03,11,57,37,29,00,19,17,19,19,09,25,19,63,19,19,19,19,19)
pages2[0]=(45,23,49,45,41,63,01,19)
pages2[1]=(21,61,49,57,05,63,55,57)
pages2[2]=(07,35,49,45,57,35,35,03)
pages2[3]=(39,61,49,45,57,59,55,03)
pages2[4]=(39,33,35,57,05,63,55,57)
pages2[5]=(13,33,31,57,05,63,55,35)
pages2[6]=(39,61,51,57,57,59,55,57)
pages2[7]=(07,35,49,45,57,35,55,03)
damage=7,5,9|13,4,8|17,-3,0|19,1,0|21,0,0|27,-3,0|31,4,8|35,4,7|41,1,5|45,-3,0|53,5,10
