aimove[0]=0,0,4,3,2,1,4,3
aimove[1]=0,0,3,2,2,1,2,1
aimove[2]=0,0,2,1,2,1,2,1
aimove[3]=0,0,2,2,2,2,2,2
aimove[4]=0,0,1,1,1,1,1,1
aimove[5]=0,0,1,2,1,2,1,2
aimove[6]=0,0,1,2,1,2,1,2
aimove[7]=0,0,1,2,1,2,1,2
aimove[8]=0,0,1,2,1,2,1,2
aimove[9]=0,0,1,2,1,2,1,2
aimove[10]=0,0,0,0,4,5,4,5
aimove[11]=1,2,1,2,1,2,1,2
aimove[12]=0,0,3,2,2,1,3,2
aimove[13]=0,0,2,3,2,3,2,3
aimove[14]=5,3,3,2,2,2,0,0
aimove[15]=2,3,2,3,2,3,2,3
aimove[16]=2,3,2,3,2,3,2,3
aimove[17]=2,3,2,3,2,3,2,3
aimove[18]=2,2,2,2,2,3,2,2
aimove[19]=0,0,3,2,1,3,3,2
aimove[20]=0,0,1,1,1,4,1,1
aimove[21]=0,0,1,2,1,3,1,2
aimove[22]=0,0,2,2,1,1,2,2
aimove[23]=0,0,1,1,1,1,1,1
aimove[24]=5,2,3,3,2,1,3,3
aimove[25]=2,3,2,3,3,2,2,3
aimove[26]=2,3,2,3,2,2,2,3