pages[00]=(19,00,37,13,13,00,19,57,47,41,00,15,39,00,19,13,25,13,00,19,00,15,43,13)
pages[01]=(03,00,37,33,03,00,09,51,47,41,00,15,39,00,03,09,25,05,00,03,00,15,43,63)
pages[02]=(53,00,49,33,03,00,19,53,47,29,00,07,49,19,03,19,25,13,00,13,00,19,41,63)
pages[03]=(03,00,37,33,03,00,23,51,47,29,00,15,39,00,03,09,25,05,00,03,00,15,43,63)
pages[04]=(11,00,49,53,19,00,31,57,47,29,00,19,49,00,03,27,25,13,00,13,00,19,41,63)
pages[05]=(31,00,37,31,19,00,09,57,41,41,00,19,39,00,03,19,25,05,00,13,00,15,41,63)
pages[06]=(19,00,37,23,11,00,27,13,47,41,00,07,49,00,03,27,25,13,00,19,00,07,43,13)
pages[07]=(55,00,37,57,55,00,09,51,47,57,00,19,59,00,55,09,25,05,00,21,00,55,43,55)
pages[08]=(03,00,37,33,03,00,09,51,47,29,00,15,39,00,03,09,25,05,00,21,00,15,41,63)
pages[09]=(03,00,37,33,21,00,09,51,47,29,00,15,39,00,03,09,25,05,00,03,00,15,43,63)
pages[10]=(19,00,37,23,31,00,27,13,47,41,00,15,49,00,03,27,25,13,00,19,00,07,41,63)
pages[11]=(11,00,49,33,19,00,09,01,47,41,00,07,39,00,03,19,49,05,00,21,00,15,41,63)
pages[12]=(03,00,37,33,03,00,09,57,41,41,00,15,39,00,03,09,25,05,00,03,00,19,41,63)
pages[13]=(11,00,37,53,03,00,09,23,41,41,00,07,49,00,31,09,25,05,00,13,00,15,41,63)
pages[14]=(11,00,37,33,03,00,09,57,47,29,00,15,39,00,27,27,25,05,00,03,00,15,43,63)
pages[15]=(11,00,37,33,03,00,53,53,47,29,00,15,49,00,03,11,49,53,00,53,00,19,41,53)
pages[16]=(17,00,37,33,03,00,17,01,47,29,00,15,39,00,17,17,25,05,00,17,00,15,43,17)
pages[17]=(03,00,49,33,03,00,09,01,41,41,00,19,39,00,31,09,49,05,00,31,00,07,43,63)
pages[18]=(31,00,37,13,19,00,27,57,41,29,00,19,49,00,03,31,25,13,00,03,00,19,41,63)
pages[19]=(19,00,49,33,03,00,19,23,47,41,00,23,49,00,03,09,25,05,00,03,00,15,41,63)
pages[20]=(19,00,37,13,11,00,19,57,41,41,00,13,39,00,03,09,25,05,00,31,00,07,43,63)
pages[21]=(03,00,49,33,19,00,27,57,41,41,00,07,39,00,31,19,49,13,00,31,00,19,41,63)
pages[22]=(03,00,37,33,03,00,09,01,47,29,00,15,49,00,03,09,25,05,00,03,00,15,43,63)
pages[23]=(03,00,37,31,19,00,19,57,41,41,00,07,49,00,31,09,25,13,00,13,00,19,43,13)
pages2[0]=(37,23,09,13,49,45,19,13)
pages2[1]=(37,57,09,57,25,45,51,61)
pages2[2]=(49,33,19,19,59,45,35,05)
pages2[3]=(37,57,09,19,59,45,51,05)
pages2[4]=(37,33,55,35,25,53,51,61)
pages2[5]=(49,33,13,57,25,53,51,61)
pages2[6]=(37,57,55,57,59,45,51,61)
pages2[7]=(49,35,13,19,35,45,51,13)
damage=7,3,0|11,3,0|13,2,0|17,-5,0|19,5,0|21,0,0|27,3,0|31,1,0|35,6,0|41,1,0|49,2,0|53,10,0