pages[00]=(19,00,13,13,19,00,09,57,37,53,43,15,13,13,19,09,41,53,49,19,00,47,00,17)
pages[01]=(19,00,19,33,03,00,09,57,37,19,19,15,63,03,05,09,41,45,49,05,00,47,00,17)
pages[02]=(53,00,11,33,03,00,53,53,31,29,53,15,63,03,05,09,41,53,53,05,00,47,00,17)
pages[03]=(05,00,11,33,03,00,21,57,37,29,21,15,63,03,05,09,41,45,49,05,00,47,00,17)
pages[04]=(19,00,11,53,19,00,09,57,53,23,07,19,63,53,05,53,25,53,49,07,00,47,00,13)
pages[05]=(31,00,11,31,53,00,09,57,13,29,43,31,63,03,05,31,25,53,49,07,00,47,00,17)
pages[06]=(19,00,11,23,19,00,31,31,37,07,43,53,53,13,05,09,53,53,49,19,00,47,00,17)
pages[07]=(57,00,11,61,57,00,09,57,57,57,43,15,57,21,57,09,41,41,57,21,00,57,00,57)
pages[08]=(05,00,11,33,03,00,09,57,37,29,43,15,63,03,05,09,41,45,49,21,00,47,00,17)
pages[09]=(05,00,11,33,21,00,09,57,37,29,43,15,63,21,05,09,25,45,49,05,00,47,00,17)
pages[10]=(05,00,53,23,03,00,31,53,37,53,31,53,63,53,05,09,25,53,49,05,00,53,00,17)
pages[11]=(07,00,11,33,19,00,09,01,53,07,43,07,63,03,05,09,53,45,49,21,00,47,00,17)
pages[12]=(05,00,41,33,41,00,09,57,19,29,43,15,19,03,05,09,25,45,49,05,00,41,00,41)
pages[13]=(05,00,53,53,03,00,09,23,37,23,43,07,07,41,53,09,25,45,19,41,00,47,00,17)
pages[14]=(19,00,11,33,03,00,09,57,37,29,19,15,63,03,19,19,25,45,19,05,00,47,00,17)
pages[15]=(53,00,31,33,03,00,07,53,13,29,07,19,63,07,05,53,25,31,31,13,00,53,00,17)
pages[16]=(05,00,11,33,41,00,09,01,37,29,41,15,41,41,41,41,41,45,49,41,00,47,00,17)
pages[17]=(05,00,11,33,03,00,09,01,07,07,43,15,07,07,19,09,25,45,49,07,00,47,00,17)
pages[18]=(31,00,11,53,53,00,53,57,31,29,43,15,63,03,05,09,25,53,49,05,00,53,00,17)
pages[19]=(19,00,31,33,03,00,09,23,23,53,53,23,53,03,05,09,25,45,49,05,00,47,00,17)
pages[20]=(05,00,11,53,13,00,31,57,37,31,43,53,63,31,05,09,41,31,49,53,00,47,00,17)
pages[21]=(05,00,11,33,03,00,09,57,07,29,43,15,63,53,53,41,31,31,49,31,00,19,00,17)
pages[22]=(05,00,11,33,03,00,09,01,37,29,43,15,63,03,05,09,25,45,49,05,00,47,00,17)
pages[23]=(05,00,11,13,03,00,09,57,19,29,43,13,63,53,53,09,25,31,19,31,00,31,00,19)
pages2[0]=(19,23,63,05,41,49,53,53)
pages2[1]=(21,61,63,57,17,49,55,57)
pages2[2]=(53,33,19,05,35,49,35,03)
pages2[3]=(39,61,63,05,51,59,55,03)
pages2[4]=(39,33,35,35,17,49,55,57)
pages2[5]=(53,33,13,57,17,49,55,35)
pages2[6]=(39,61,27,57,51,59,55,57)
pages2[7]=(07,35,63,05,51,35,55,03)
damage=7,5,9|13,2,6|19,1,0|21,1,0|31,3,7|35,6,10|41,1,5|53,6,10