pages[00]=(49,49,13,19,13,13,49,57,37,19,17,15,13,13,45,13,41,00,11,49,00,15,27,19)
pages[01]=(05,19,19,33,03,19,09,57,37,19,19,15,49,03,03,09,19,00,11,05,00,15,43,03)
pages[02]=(53,49,09,33,03,63,49,19,19,29,17,15,45,45,03,45,13,00,31,31,00,15,19,03)
pages[03]=(05,49,09,33,03,63,23,57,37,29,17,15,45,03,03,09,41,00,11,05,00,15,43,03)
pages[04]=(31,53,09,33,45,63,07,57,13,23,17,45,45,31,03,53,25,00,11,53,00,15,43,03)
pages[05]=(31,49,09,19,53,45,09,57,13,29,17,31,45,31,03,45,25,00,11,53,00,15,43,03)
pages[06]=(49,49,09,23,13,63,13,53,37,19,17,13,13,13,03,13,13,00,11,49,00,19,53,03)
pages[07]=(55,57,09,61,55,57,09,57,57,57,57,15,57,21,57,09,41,00,57,21,00,57,43,57)
pages[08]=(05,49,09,33,03,63,09,57,37,29,17,15,45,03,03,09,41,00,11,21,00,15,43,03)
pages[09]=(05,49,09,33,21,63,09,57,37,29,17,15,45,21,03,09,25,00,11,05,00,15,43,03)
pages[10]=(19,49,53,23,13,13,13,19,37,19,53,15,45,03,03,31,25,00,11,49,00,53,43,03)
pages[11]=(53,41,09,33,45,45,09,01,19,19,17,19,45,53,03,45,53,00,11,21,00,15,41,03)
pages[12]=(05,49,41,33,03,19,09,57,19,29,19,15,19,03,03,09,25,00,11,05,00,41,43,19)
pages[13]=(07,31,31,33,03,53,09,23,37,23,53,53,31,19,31,09,25,00,27,41,00,15,43,03)
pages[14]=(49,49,09,33,03,63,09,57,37,29,17,15,45,03,27,27,25,00,27,05,00,15,27,03)
pages[15]=(53,53,31,33,03,45,53,19,13,29,17,45,45,53,03,31,25,00,31,31,00,15,43,03)
pages[16]=(05,49,09,33,03,63,09,01,37,29,17,15,19,47,41,47,25,00,11,41,00,15,27,41)
pages[17]=(05,07,09,33,03,63,09,01,19,19,17,15,31,07,27,09,07,00,11,07,00,15,53,03)
pages[18]=(31,53,09,33,19,45,07,57,19,29,19,15,45,03,03,45,25,00,11,05,00,19,43,03)
pages[19]=(49,49,31,33,03,41,49,23,23,19,17,23,13,03,03,09,25,00,11,05,00,15,43,03)
pages[20]=(19,49,09,19,13,49,19,57,37,19,17,53,49,13,03,09,41,00,11,49,00,15,27,03)
pages[21]=(05,19,09,33,45,63,31,57,07,29,17,15,45,31,53,45,13,00,11,31,00,19,27,03)
pages[22]=(05,49,09,33,03,63,09,01,37,29,17,15,45,03,03,09,25,00,11,05,00,15,43,03)
pages[23]=(05,19,09,19,45,45,49,57,19,29,17,13,45,31,53,09,25,00,19,13,00,31,31,19)
pages2[0]=(45,23,09,53,41,59,19,19)
pages2[1]=(21,61,09,51,05,59,55,51)
pages2[2]=(53,33,45,19,35,59,35,03)
pages2[3]=(39,61,09,45,57,59,55,03)
pages2[4]=(39,33,35,35,05,59,55,51)
pages2[5]=(13,33,31,51,05,59,55,35)
pages2[6]=(39,61,57,51,57,59,55,51)
pages2[7]=(07,35,09,45,57,35,55,03)
damage=7,6,10|13,4,8|19,1,0|21,1,0|27,-2,0|31,4,8|35,5,9|41,1,5|45,-5,0|47,0,0|49,-5,0|53,5,9