pages[00]=(45,11,13,19,13,00,45,57,37,19,00,13,13,13,45,13,41,13,13,45,11,05,27,13)
pages[01]=(03,19,19,33,03,00,09,57,37,19,00,15,11,03,15,09,19,15,59,03,19,05,43,19)
pages[02]=(19,11,49,33,03,00,45,19,19,29,00,15,11,45,03,45,19,19,19,19,19,05,19,55)
pages[03]=(03,11,49,33,03,00,21,57,37,29,00,15,11,03,03,09,19,15,59,03,17,05,43,55)
pages[04]=(31,53,49,19,45,00,07,57,13,23,00,45,11,31,03,53,25,31,59,53,31,05,43,55)
pages[05]=(31,11,49,19,53,00,09,57,13,29,00,45,11,31,03,45,25,31,59,53,11,05,29,55)
pages[06]=(45,11,01,23,13,00,13,19,37,53,00,13,13,13,03,13,13,13,13,45,11,13,53,55)
pages[07]=(57,57,49,61,57,00,09,57,61,61,00,19,57,21,57,09,41,41,57,21,63,57,43,57)
pages[08]=(03,11,19,33,03,00,09,57,37,29,00,15,11,03,03,09,41,15,59,21,17,05,43,55)
pages[09]=(03,11,49,33,21,00,09,57,37,29,00,15,11,21,03,09,25,15,59,03,17,05,43,55)
pages[10]=(45,11,49,23,13,00,13,19,37,53,00,15,11,03,03,31,25,13,59,45,11,13,43,55)
pages[11]=(53,41,49,33,45,00,09,01,53,07,00,07,11,03,03,45,53,15,59,21,17,05,41,55)
pages[12]=(03,11,19,33,03,00,09,57,19,29,00,15,19,03,03,09,25,19,59,03,19,19,43,19)
pages[13]=(07,31,01,19,03,00,09,23,37,23,00,53,53,19,31,09,25,31,27,41,17,05,29,55)
pages[14]=(45,11,49,33,03,00,09,57,37,29,00,15,11,03,27,27,25,15,27,03,27,05,27,55)
pages[15]=(53,53,01,33,03,00,53,19,13,29,00,45,11,53,03,31,25,53,59,31,53,05,43,55)
pages[16]=(03,11,49,33,51,00,09,01,37,29,00,15,51,51,51,51,51,41,59,41,17,05,27,51)
pages[17]=(03,07,01,33,03,00,09,01,07,07,00,15,53,07,27,09,07,15,59,07,17,53,07,53)
pages[18]=(31,53,49,19,45,00,07,57,13,29,00,45,11,03,03,45,25,31,59,03,31,05,43,55)
pages[19]=(45,11,31,33,03,00,45,23,23,53,00,23,13,03,03,09,25,41,59,03,11,05,43,55)
pages[20]=(45,11,49,19,13,00,45,57,37,31,00,13,11,13,03,09,41,13,13,45,11,05,27,55)
pages[21]=(03,19,01,33,45,00,19,57,07,19,00,15,11,19,19,45,19,19,59,19,17,05,27,55)
pages[22]=(03,11,49,33,03,00,09,01,37,29,00,15,11,03,15,09,25,15,59,03,17,05,43,55)
pages[23]=(03,19,01,19,45,00,45,57,19,29,00,19,11,19,19,09,25,19,59,19,11,05,19,55)
pages2[0]=(45,23,09,45,41,17,19,19)
pages2[1]=(21,61,09,57,03,17,57,57)
pages2[2]=(53,33,45,45,35,17,35,03)
pages2[3]=(39,61,09,45,57,63,57,03)
pages2[4]=(39,33,47,47,03,17,57,57)
pages2[5]=(13,33,13,57,03,17,57,47)
pages2[6]=(39,61,57,57,57,63,57,57)
pages2[7]=(07,35,09,45,57,35,57,03)
damage=7,8,0|13,5,0|19,-1,0|21,0,0|27,-4,0|31,4,0|35,6,0|41,1,0|45,-4,0|47,5,0|51,-1,0|53,6,0