pages[00]=(05,63,19,19,03,03,09,57,37,19,15,00,19,19,05,09,19,00,49,03,05,17,27,19)
pages[01]=(05,63,11,33,03,03,09,57,37,29,19,00,63,03,05,09,19,00,49,03,05,17,43,17)
pages[02]=(19,63,11,33,03,03,19,19,37,29,31,00,63,03,05,09,25,00,19,03,19,17,19,17)
pages[03]=(05,63,11,33,03,03,21,57,37,29,21,00,63,03,05,09,41,00,49,03,05,17,43,17)
pages[04]=(05,31,11,19,03,03,09,57,13,23,07,00,63,31,05,31,25,00,49,53,05,17,43,17)
pages[05]=(13,63,11,19,31,03,09,57,19,29,15,00,63,03,05,19,25,00,49,53,05,17,43,17)
pages[06]=(05,63,11,23,03,03,09,19,37,19,15,00,19,19,05,09,41,00,49,45,05,19,53,17)
pages[07]=(57,57,11,61,57,57,09,57,57,57,15,00,57,21,57,09,41,00,57,21,57,57,43,57)
pages[08]=(05,63,11,33,03,03,09,57,37,29,15,00,63,03,05,09,41,00,49,21,05,17,43,17)
pages[09]=(05,63,11,33,21,03,09,57,37,29,15,00,63,21,05,09,25,00,49,03,05,17,43,17)
pages[10]=(05,63,19,23,03,19,19,01,37,29,19,00,63,03,05,09,25,00,49,03,05,19,43,17)
pages[11]=(19,63,11,33,03,03,09,01,37,19,15,00,63,03,05,09,19,00,49,21,05,17,41,17)
pages[12]=(05,63,19,33,19,03,09,57,19,29,15,00,19,03,05,09,25,00,49,03,19,19,43,19)
pages[13]=(05,31,31,19,03,53,09,23,37,23,15,00,53,19,31,09,25,00,27,19,05,17,43,17)
pages[14]=(05,63,11,33,03,03,09,57,37,29,27,00,63,03,19,19,25,00,19,03,19,17,27,17)
pages[15]=(31,31,19,33,03,03,53,19,19,29,07,00,63,53,05,19,25,00,19,31,53,17,43,17)
pages[16]=(05,63,11,33,19,03,09,01,37,29,41,00,19,19,19,19,19,00,49,19,05,17,27,19)
pages[17]=(05,19,11,33,03,03,09,01,37,19,15,00,19,19,19,09,25,00,49,19,05,17,53,17)
pages[18]=(19,19,11,33,03,03,31,57,37,29,15,00,63,03,05,09,25,00,49,03,19,17,43,17)
pages[19]=(05,63,19,33,03,03,09,23,23,29,13,00,19,03,05,09,25,00,49,03,05,17,43,17)
pages[20]=(05,63,11,19,31,03,19,57,37,19,15,00,63,13,05,09,41,00,49,19,19,17,27,17)
pages[21]=(05,63,11,33,03,03,09,57,37,29,15,00,63,19,19,19,19,00,49,19,05,17,27,17)
pages[22]=(05,63,11,33,03,03,09,01,37,29,15,00,63,03,05,09,25,00,49,03,05,17,43,17)
pages[23]=(05,63,11,33,03,03,09,57,37,29,15,00,63,19,19,09,25,00,49,19,19,19,19,17)
pages2[0]=(39,23,15,05,45,63,01,19)
pages2[1]=(21,61,15,57,45,63,55,57)
pages2[2]=(53,33,45,05,35,63,35,05)
pages2[3]=(39,61,45,05,51,59,55,05)
pages2[4]=(39,33,35,57,49,63,55,57)
pages2[5]=(13,33,45,57,49,63,55,35)
pages2[6]=(39,61,47,57,51,59,55,57)
pages2[7]=(07,35,15,05,51,35,55,05)
damage=7,4,8|13,1,5|19,1,0|21,0,0|27,-1,0|31,1,5|35,2,6|41,1,5|53,2,6