pages[00]=(45,00,37,13,13,63,45,47,37,17,49,13,39,13,45,13,41,00,59,45,49,59,27,00)
pages[01]=(05,00,37,33,03,61,11,57,37,19,51,15,39,03,15,09,19,00,59,05,61,59,43,00)
pages[02]=(19,00,37,33,03,63,45,19,19,29,63,15,39,45,05,45,19,00,59,17,63,49,19,00)
pages[03]=(05,00,37,33,03,61,21,57,37,29,21,15,39,03,03,09,19,00,59,05,61,59,43,00)
pages[04]=(31,00,63,19,45,61,07,57,13,23,63,45,63,31,03,53,25,00,49,53,63,49,43,00)
pages[05]=(31,00,37,17,53,49,11,57,13,29,51,45,63,31,03,45,25,00,49,53,49,59,43,00)
pages[06]=(45,00,49,23,13,61,13,19,37,53,51,13,63,13,05,13,13,00,59,45,49,59,53,00)
pages[07]=(57,00,37,57,57,55,11,57,55,57,51,19,55,21,57,09,41,00,55,21,55,55,43,00)
pages[08]=(05,00,37,33,03,61,11,57,37,29,51,15,39,05,03,09,41,00,59,21,61,59,43,00)
pages[09]=(05,00,37,33,21,61,11,57,37,29,51,15,39,21,03,09,25,00,59,05,61,59,43,00)
pages[10]=(45,00,37,23,13,61,13,19,37,53,63,15,39,03,05,31,25,00,59,45,49,63,43,00)
pages[11]=(53,00,63,33,45,49,11,01,53,07,51,07,63,03,03,45,53,00,49,21,61,63,41,00)
pages[12]=(05,00,63,33,03,63,11,57,19,29,51,15,39,05,03,09,25,00,59,05,61,63,43,00)
pages[13]=(07,00,49,19,03,61,11,23,37,23,41,53,41,19,31,09,25,00,63,41,61,59,43,00)
pages[14]=(45,00,37,33,03,27,11,57,37,29,51,15,39,03,27,27,25,00,59,05,61,27,27,00)
pages[15]=(53,00,49,33,03,49,53,19,13,29,63,45,39,53,03,31,25,00,49,31,63,49,43,00)
pages[16]=(05,00,37,33,19,61,11,01,37,29,51,15,39,19,19,19,19,00,59,41,61,59,27,00)
pages[17]=(05,00,41,33,03,61,11,01,07,07,51,15,39,07,27,09,07,00,41,07,61,41,07,00)
pages[18]=(31,00,37,19,45,49,07,35,13,29,51,45,39,05,05,45,25,00,49,05,61,49,43,00)
pages[19]=(45,00,63,33,03,61,45,23,23,53,51,23,39,03,05,09,25,00,63,05,49,59,43,00)
pages[20]=(45,00,37,19,13,49,45,57,37,17,49,13,39,13,05,09,41,00,63,45,49,63,27,00)
pages[21]=(05,00,49,33,45,63,19,57,07,19,51,15,39,17,19,45,19,00,49,19,61,49,27,00)
pages[22]=(05,00,37,33,03,61,11,01,37,29,51,15,39,03,15,09,25,00,59,05,61,59,43,00)
pages[23]=(05,00,49,17,45,49,45,57,19,29,51,19,39,19,19,09,25,00,49,19,49,49,19,00)
pages2[0]=(49,23,61,17,41,11,19,19)
pages2[1]=(21,57,61,57,51,11,55,57)
pages2[2]=(41,33,49,03,55,11,35,03)
pages2[3]=(37,57,61,03,55,57,55,03)
pages2[4]=(37,33,55,47,51,11,55,57)
pages2[5]=(63,33,13,57,51,11,55,47)
pages2[6]=(37,57,55,57,55,57,55,57)
pages2[7]=(63,35,41,03,55,35,55,03)
damage=7,6,0|13,3,0|17,2,0|19,0,0|21,0,0|27,-6,0|31,2,0|35,4,0|41,0,0|45,-4,0|47,3,0|49,-5,0|53,4,0|63,3,0