pages[00]=(45,63,19,19,45,03,45,57,37,19,49,15,13,19,45,09,13,13,49,45,05,47,27,19)
pages[01]=(19,19,19,33,03,19,09,57,37,19,19,15,63,03,05,09,41,15,49,05,19,47,43,17)
pages[02]=(53,63,11,33,03,03,53,53,31,29,53,15,63,03,05,09,41,53,31,05,53,47,13,17)
pages[03]=(05,63,11,33,03,03,21,57,37,29,21,15,63,03,05,09,41,15,49,05,05,47,43,17)
pages[04]=(45,53,11,19,45,03,45,57,53,23,07,45,63,31,05,53,25,53,49,07,05,47,43,17)
pages[05]=(13,63,11,33,31,03,09,57,19,29,49,19,63,03,05,19,25,31,49,53,05,47,43,17)
pages[06]=(45,63,11,23,45,03,31,31,37,53,49,53,53,41,05,09,53,53,49,45,05,13,53,17)
pages[07]=(57,57,11,61,57,57,09,57,57,57,49,15,57,21,57,09,41,41,57,21,57,57,43,57)
pages[08]=(05,63,11,33,03,03,09,57,37,29,49,15,63,03,05,09,41,15,49,21,05,47,43,17)
pages[09]=(05,63,11,33,21,03,09,57,37,29,49,15,63,21,05,09,25,15,49,05,05,47,43,17)
pages[10]=(05,63,31,23,03,53,31,53,37,19,19,15,63,03,05,09,25,53,49,05,05,53,43,17)
pages[11]=(07,41,11,33,45,03,09,01,53,53,49,07,63,03,05,45,53,15,49,21,05,47,07,17)
pages[12]=(05,63,19,33,19,19,09,57,19,29,49,15,19,03,05,09,25,15,49,05,19,19,43,19)
pages[13]=(05,53,31,19,03,07,09,23,37,23,49,07,07,19,31,09,25,15,27,41,05,47,43,17)
pages[14]=(45,63,11,33,03,03,09,57,37,29,27,15,63,03,27,27,25,15,27,05,27,47,27,17)
pages[15]=(53,53,19,33,03,03,07,53,13,29,07,45,63,53,05,53,25,31,19,13,53,47,43,17)
pages[16]=(05,63,11,33,41,03,09,01,37,29,41,15,41,41,41,41,41,41,49,41,05,47,27,41)
pages[17]=(05,07,11,33,03,03,09,01,07,53,49,15,07,53,27,09,25,15,49,07,05,47,07,17)
pages[18]=(31,53,11,19,53,31,07,57,13,29,49,15,63,03,05,09,25,53,49,05,13,19,43,17)
pages[19]=(45,63,19,33,03,03,45,23,23,19,53,23,53,03,05,09,25,15,49,05,05,47,43,17)
pages[20]=(05,63,11,33,31,03,19,57,37,29,49,13,63,19,05,09,41,13,49,19,19,47,27,17)
pages[21]=(05,07,11,33,03,03,09,57,07,29,49,15,63,19,19,41,31,31,49,31,05,19,27,17)
pages[22]=(05,63,11,33,03,03,09,01,37,29,49,15,63,03,05,09,25,15,49,05,05,47,43,17)
pages[23]=(05,31,11,19,03,03,09,57,19,29,49,13,63,19,19,09,25,31,19,31,31,31,31,19)
pages2[0]=(45,23,09,05,41,63,53,53)
pages2[1]=(21,61,09,57,49,63,55,57)
pages2[2]=(53,33,45,05,35,63,35,03)
pages2[3]=(39,61,09,05,51,59,55,03)
pages2[4]=(39,33,35,35,49,63,55,57)
pages2[5]=(53,33,13,57,49,63,55,35)
pages2[6]=(39,61,57,57,51,59,55,57)
pages2[7]=(07,35,09,05,51,35,55,03)
damage=7,5,9|13,3,7|19,1,0|21,1,0|27,-3,0|31,3,7|35,5,9|41,1,5|45,-4,0|53,5,9