pages[00]=(49,00,63,19,13,00,49,57,37,19,00,13,00,13,49,13,00,13,00,49,00,00,27,00)
pages[01]=(05,00,19,33,03,00,11,57,37,59,00,15,00,03,15,09,00,15,00,05,00,00,43,00)
pages[02]=(19,00,31,33,03,00,49,19,19,29,00,15,00,45,05,45,00,19,00,19,00,00,19,00)
pages[03]=(05,00,63,33,03,00,21,57,37,29,00,15,00,03,03,09,00,15,00,05,00,00,43,00)
pages[04]=(31,00,53,19,45,00,07,57,13,23,00,45,00,31,03,53,00,31,00,53,00,00,43,00)
pages[05]=(31,00,63,19,53,00,11,57,13,29,00,45,00,31,03,45,00,31,00,53,00,00,29,00)
pages[06]=(49,00,49,23,13,00,13,19,37,53,00,13,00,13,05,13,00,13,00,49,00,00,53,00)
pages[07]=(57,00,63,61,57,00,11,57,61,61,00,19,00,21,57,09,00,41,00,21,00,00,43,00)
pages[08]=(05,00,63,33,03,00,11,57,37,29,00,15,00,05,03,09,00,15,00,21,00,00,43,00)
pages[09]=(05,00,63,33,21,00,11,57,37,29,00,15,00,21,03,09,00,15,00,05,00,00,43,00)
pages[10]=(49,00,63,23,13,00,13,19,37,53,00,15,00,03,05,31,00,13,00,49,00,00,43,00)
pages[11]=(53,00,53,33,45,00,11,01,53,07,00,07,00,03,03,45,00,15,00,21,00,00,41,00)
pages[12]=(05,00,19,33,03,00,11,57,59,29,00,15,00,05,03,09,00,59,00,05,00,00,43,00)
pages[13]=(07,31,45,19,03,00,11,23,37,23,00,53,00,19,31,09,00,31,00,41,00,00,29,00)
pages[14]=(49,00,63,33,03,00,11,57,37,29,00,15,00,03,27,27,00,15,00,05,00,00,27,00)
pages[15]=(53,00,45,33,03,00,53,19,13,29,00,45,00,53,03,31,00,53,00,31,00,00,43,00)
pages[16]=(05,00,63,33,51,00,11,01,37,29,00,15,00,51,51,51,00,41,00,41,00,00,27,00)
pages[17]=(05,00,63,33,03,00,11,55,07,07,00,15,00,07,27,09,00,15,00,07,00,00,07,00)
pages[18]=(31,00,63,19,45,00,07,57,13,29,00,45,00,05,05,45,00,31,00,05,00,00,43,00)
pages[19]=(49,00,63,33,03,00,49,23,23,53,00,23,00,03,05,09,00,41,00,05,00,00,43,00)
pages[20]=(49,00,63,19,13,00,49,57,37,31,00,13,00,13,05,09,00,13,00,49,00,00,27,00)
pages[21]=(05,00,45,33,45,00,19,57,07,19,00,15,00,19,19,45,00,19,00,19,00,00,27,00)
pages[22]=(05,00,63,33,03,00,11,01,37,29,00,15,00,03,15,09,00,15,00,05,00,00,43,00)
pages[23]=(05,00,45,19,45,00,49,57,19,29,00,19,00,19,19,09,00,19,00,19,00,00,19,00)
pages2[0]=(45,23,25,45,41,17,19,19)
pages2[1]=(21,61,25,57,05,17,57,57)
pages2[2]=(53,33,25,45,35,17,35,03)
pages2[3]=(39,61,25,45,57,17,57,03)
pages2[4]=(39,33,25,47,05,13,57,57)
pages2[5]=(13,33,25,57,05,17,57,47)
pages2[6]=(39,61,25,57,57,17,57,57)
pages2[7]=(07,35,53,45,57,17,57,03)
damage=7,3,0|13,2,0|19,0,0|21,0,0|27,-6,0|31,2,0|35,2,0|41,0,0|45,-5,0|47,2,0|49,-5,0|51,0,0|53,2,0|59,0,0
