pages[00]=(49,59,00,19,13,19,49,57,37,19,59,13,13,13,49,13,41,13,00,49,49,15,27,00)
pages[01]=(05,19,00,33,03,03,11,57,37,29,11,15,59,03,15,09,25,15,00,05,05,15,43,00)
pages[02]=(19,59,00,33,03,03,49,19,19,29,11,15,59,31,05,45,19,19,00,19,19,45,19,00)
pages[03]=(05,59,00,33,03,03,23,57,37,29,21,15,59,03,03,09,19,15,00,05,05,15,43,00)
pages[04]=(31,53,00,19,45,03,07,57,19,23,07,45,59,31,03,53,25,31,00,53,53,59,43,00)
pages[05]=(19,59,00,19,19,45,11,57,19,29,11,45,59,19,03,45,25,19,00,53,49,15,29,00)
pages[06]=(49,59,00,23,13,03,13,19,37,53,11,13,13,13,05,13,13,13,00,49,49,13,53,00)
pages[07]=(51,57,00,61,51,57,11,57,61,61,11,19,57,21,51,09,41,41,00,21,57,57,43,00)
pages[08]=(05,59,00,33,03,03,11,57,37,29,11,15,59,03,03,09,41,15,00,21,05,15,43,00)
pages[09]=(05,59,00,33,21,03,11,57,37,29,11,15,59,21,03,09,25,15,00,05,05,15,43,00)
pages[10]=(49,59,00,23,13,19,13,19,37,19,19,15,59,03,05,31,25,13,00,49,49,13,43,00)
pages[11]=(53,41,00,33,45,45,11,01,19,19,11,07,59,03,03,45,53,15,00,21,05,15,41,00)
pages[12]=(05,59,00,33,03,03,11,57,37,29,11,15,59,03,03,09,25,15,00,05,05,19,43,00)
pages[13]=(07,31,00,19,03,19,11,23,37,23,11,53,53,19,31,09,25,31,00,41,05,15,29,00)
pages[14]=(49,59,00,33,03,03,11,57,37,29,27,15,59,03,27,27,25,15,00,05,27,15,27,00)
pages[15]=(53,53,00,33,03,45,53,19,19,29,53,45,59,53,03,31,25,53,00,31,19,59,43,00)
pages[16]=(05,59,00,33,03,03,11,01,37,29,17,15,17,17,03,17,25,41,00,41,05,15,27,00)
pages[17]=(05,07,00,33,03,03,63,63,07,19,11,15,31,07,27,09,07,63,00,07,05,53,07,00)
pages[18]=(31,53,00,53,45,45,07,57,19,29,09,45,59,03,05,45,25,31,00,05,19,59,43,00)
pages[19]=(49,59,00,33,03,41,49,23,23,19,13,23,13,03,05,09,25,41,00,05,49,15,43,00)
pages[20]=(49,59,00,19,19,49,49,57,37,19,59,19,59,19,05,09,41,19,00,49,49,15,27,00)
pages[21]=(05,19,00,33,45,03,19,57,19,19,19,15,59,19,19,45,19,19,00,19,05,45,27,00)
pages[22]=(05,59,00,33,03,03,11,01,37,29,11,15,59,03,15,09,25,15,00,05,05,15,43,00)
pages[23]=(05,19,00,19,45,45,49,57,19,29,59,31,59,19,19,09,25,19,00,19,49,45,19,00)
pages2[0]=(45,23,09,59,41,11,19,19)
pages2[1]=(21,61,09,57,05,11,57,51)
pages2[2]=(53,33,45,45,35,11,35,03)
pages2[3]=(39,61,09,45,51,55,57,03)
pages2[4]=(39,33,57,47,05,13,57,51)
pages2[5]=(13,33,13,57,05,11,57,47)
pages2[6]=(39,61,57,57,51,55,57,51)
pages2[7]=(07,35,53,45,51,55,57,03)
damage=7,8,0|13,3,0|17,0,0|19,0,0|21,0,0|27,-5,0|31,2,0|35,4,0|41,0,4|45,-4,0|47,3,0|49,-4,0|53,4,0|59,-5,0