pages[00]=(45,49,13,19,45,03,49,57,37,31,47,15,13,13,45,13,41,00,05,45,03,15,27,19)
pages[01]=(19,49,19,33,03,19,09,55,37,19,19,15,45,03,03,09,19,00,05,03,19,15,43,11)
pages[02]=(31,49,17,33,03,03,49,19,19,29,53,15,03,03,03,45,19,00,05,19,19,15,13,11)
pages[03]=(03,03,17,33,03,03,21,55,37,29,21,15,03,03,03,09,19,00,05,03,03,15,43,11)
pages[04]=(45,53,17,19,45,03,07,57,13,23,53,45,45,31,03,53,25,00,45,53,03,15,43,11)
pages[05]=(19,49,17,19,31,03,09,57,19,29,47,19,45,03,03,45,25,00,05,19,03,15,43,11)
pages[06]=(45,49,17,23,45,03,13,19,37,53,47,13,13,41,03,13,13,00,45,45,03,19,53,11)
pages[07]=(57,57,17,61,57,57,09,55,57,57,47,15,57,21,57,09,41,00,57,21,57,57,43,57)
pages[08]=(03,03,17,33,03,03,09,55,37,29,47,15,03,03,03,09,41,00,05,21,03,15,43,11)
pages[09]=(03,03,17,33,21,03,09,55,37,29,47,15,03,21,03,09,25,00,05,03,03,15,43,11)
pages[10]=(03,49,53,23,03,53,31,19,37,51,19,15,45,03,03,09,25,00,19,45,03,53,43,11)
pages[11]=(53,41,17,33,45,03,09,01,07,07,47,07,45,03,03,45,53,00,05,21,03,15,07,11)
pages[12]=(03,49,41,33,41,19,09,55,19,29,47,15,45,03,03,09,25,00,05,03,19,19,43,19)
pages[13]=(03,31,53,19,03,07,09,23,37,23,47,07,53,41,31,09,25,00,05,41,03,15,43,11)
pages[14]=(45,27,17,33,03,03,09,57,37,29,27,15,27,03,27,27,25,00,05,03,19,15,27,11)
pages[15]=(31,53,31,33,03,03,53,19,13,29,07,45,31,07,03,31,25,00,19,31,53,15,43,11)
pages[16]=(03,03,17,33,41,03,09,01,37,29,41,15,19,41,03,09,19,00,05,41,03,15,27,41)
pages[17]=(03,07,17,33,03,03,09,01,07,07,47,15,19,07,27,09,07,00,05,07,03,15,07,11)
pages[18]=(19,53,17,19,19,19,07,57,13,29,47,15,45,03,03,45,25,00,45,03,19,15,43,11)
pages[19]=(45,49,31,33,03,03,09,23,23,53,53,23,19,03,03,09,25,00,05,03,03,15,43,11)
pages[20]=(03,49,17,19,31,03,09,57,37,31,47,13,19,13,03,09,41,00,05,45,03,15,27,11)
pages[21]=(03,19,17,33,03,03,09,57,19,19,47,15,45,19,19,45,19,00,45,19,03,15,27,11)
pages[22]=(03,03,17,33,03,03,09,01,37,29,47,15,03,03,03,09,25,00,05,03,03,15,43,11)
pages[23]=(03,19,17,19,03,03,09,57,19,29,47,19,45,19,19,09,25,00,05,19,19,19,19,11)
pages2[0]=(45,23,09,03,41,41,19,19)
pages2[1]=(21,61,09,57,51,59,55,57)
pages2[2]=(53,33,45,03,35,59,35,03)
pages2[3]=(39,61,09,03,51,59,55,03)
pages2[4]=(39,33,35,35,51,13,55,57)
pages2[5]=(13,33,31,57,51,19,55,57)
pages2[6]=(39,61,57,57,51,59,55,57)
pages2[7]=(07,35,09,03,51,59,57,03)
damage=7,6,10|13,4,8|19,1,0|21,1,0|27,-3,0|31,4,8|35,5,9|41,1,5|45,-2,0|49,-2,0|53,5,9