pages[00]=(45,63,13,13,45,03,45,57,37,53,49,15,13,13,45,09,41,53,49,45,05,00,27,19)
pages[01]=(19,19,17,33,03,19,09,57,37,19,19,15,63,03,05,09,19,11,49,05,19,00,43,17)
pages[02]=(53,63,17,33,03,03,31,19,31,29,53,15,63,03,05,09,41,53,31,05,53,00,13,17)
pages[03]=(05,63,17,33,03,03,21,57,37,29,21,15,63,03,05,09,41,11,49,05,05,00,43,17)
pages[04]=(45,31,17,33,45,03,45,57,13,23,53,45,63,31,05,31,25,31,49,53,05,00,43,17)
pages[05]=(13,63,17,33,31,03,09,57,19,29,49,15,63,03,05,19,25,31,49,53,05,00,43,17)
pages[06]=(45,63,17,23,45,03,19,19,37,07,49,13,13,13,05,09,53,53,49,45,05,00,53,17)
pages[07]=(57,57,17,61,57,57,09,57,57,57,49,15,57,21,57,09,41,41,57,21,57,00,43,57)
pages[08]=(05,63,17,33,03,03,09,57,37,29,49,15,63,03,05,09,41,11,49,21,05,00,43,17)
pages[09]=(05,63,17,33,21,03,09,57,37,29,49,15,63,21,05,09,25,11,49,05,05,00,43,17)
pages[10]=(05,63,31,23,03,53,19,19,37,53,19,15,63,03,05,09,25,53,49,05,05,00,43,17)
pages[11]=(07,41,17,33,45,03,09,01,53,07,49,19,63,03,05,45,53,11,49,21,05,00,07,17)
pages[12]=(05,63,19,33,41,19,09,57,19,29,49,15,19,03,05,09,25,11,49,05,41,00,43,19)
pages[13]=(05,53,31,19,03,07,09,23,37,23,49,53,53,41,31,09,25,11,27,41,05,00,43,17)
pages[14]=(45,63,17,33,03,03,09,57,37,29,27,15,63,03,19,27,25,11,19,05,27,00,27,17)
pages[15]=(53,53,19,33,03,03,53,19,13,29,07,45,63,07,05,53,25,31,19,13,53,00,43,17)
pages[16]=(05,63,17,33,41,03,09,01,37,29,41,15,41,41,41,41,41,41,49,41,05,00,27,41)
pages[17]=(05,07,17,33,03,03,09,01,07,07,49,15,41,07,27,09,25,11,49,07,05,00,07,17)
pages[18]=(31,53,17,19,53,31,53,57,13,29,49,15,63,03,05,09,25,53,49,05,13,00,43,17)
pages[19]=(45,63,19,33,03,03,45,23,23,19,13,23,19,03,05,09,25,11,49,05,05,00,43,17)
pages[20]=(05,63,17,33,31,03,09,57,37,19,49,19,63,13,05,09,41,13,49,19,19,00,27,17)
pages[21]=(05,07,17,33,03,03,09,57,07,29,49,15,63,53,19,41,31,31,49,31,05,00,27,17)
pages[22]=(05,63,17,33,03,03,09,01,37,29,49,15,63,03,05,09,25,11,49,05,05,00,43,17)
pages[23]=(05,31,17,19,03,03,09,57,19,29,49,19,63,53,19,09,25,31,19,31,31,00,31,19)
pages2[0]=(45,23,09,05,41,17,19,53)
pages2[1]=(21,61,09,57,49,17,55,57)
pages2[2]=(53,33,45,05,35,17,35,03)
pages2[3]=(39,61,09,05,51,59,55,03)
pages2[4]=(39,33,35,35,49,17,55,57)
pages2[5]=(53,33,13,57,49,17,55,35)
pages2[6]=(39,61,57,57,51,59,55,57)
pages2[7]=(07,35,09,05,51,35,55,03)
damage=7,8,12|13,3,7|19,0,0|21,0,0|27,-3,0|31,3,7|35,5,9|41,0,4|45,-4,0|47,3,7|53,5,9