aimove[0]=0,0,4,2,0,0,4,2
aimove[1]=0,0,2,1,0,0,2,1
aimove[2]=0,0,2,2,0,0,2,2
aimove[3]=0,0,3,2,0,0,3,2
aimove[4]=0,0,3,3,0,0,3,3
aimove[5]=0,0,2,2,0,0,2,2
aimove[6]=0,0,2,1,0,0,2,1
aimove[7]=0,0,2,2,0,0,2,2
aimove[8]=0,0,4,3,0,0,4,3
aimove[9]=2,3,1,3,2,3,1,3
aimove[10]=1,1,1,1,1,1,1,1
aimove[11]=2,2,1,1,2,2,1,1
aimove[12]=0,0,2,2,0,0,2,2
aimove[13]=0,0,3,1,0,0,3,1
aimove[14]=5,4,0,0,5,4,0,0
aimove[15]=0,0,2,3,0,0,2,3
aimove[16]=0,0,2,3,0,0,2,3
aimove[17]=2,3,2,3,2,3,2,3
aimove[18]=2,3,2,3,2,3,2,3
aimove[19]=2,3,2,3,2,3,2,3
aimove[20]=2,3,2,3,3,4,2,4
aimove[21]=0,0,3,3,0,0,3,2
aimove[22]=0,0,2,1,0,0,2,1
aimove[23]=0,0,0,0,4,3,4,3
aimove[24]=0,0,3,2,0,0,3,2
aimove[25]=1,1,1,1,1,1,1,1
aimove[26]=5,4,2,5,4,3,2,4
aimove[27]=2,3,2,3,2,3,2,3
aimove[28]=3,4,2,4,2,3,2,3