pages[00]=(45,17,13,19,45,09,00,57,37,13,49,15,13,13,45,00,13,13,05,45,11,15,27,19)
pages[01]=(19,19,19,33,03,19,00,57,37,19,19,15,17,03,03,00,41,15,05,03,19,15,43,03)
pages[02]=(31,17,63,33,03,09,00,53,31,29,53,15,17,03,03,00,41,53,53,03,53,15,13,03)
pages[03]=(03,17,63,33,03,09,00,57,37,29,21,15,17,03,03,00,41,15,05,03,11,15,43,03)
pages[04]=(45,53,63,19,45,09,00,57,53,23,07,45,17,53,03,00,25,53,05,07,11,15,43,03)
pages[05]=(13,17,63,19,31,09,00,57,13,29,49,31,17,03,03,00,25,53,05,07,11,15,43,03)
pages[06]=(45,17,63,23,45,09,00,31,37,07,49,53,53,13,03,00,53,53,05,45,11,13,53,03)
pages[07]=(57,57,63,61,57,57,00,57,57,57,49,15,57,21,57,00,41,41,57,21,57,57,43,57)
pages[08]=(03,17,63,33,03,09,00,57,37,29,49,15,17,03,03,00,41,15,05,21,11,15,43,03)
pages[09]=(03,17,63,33,21,09,00,57,37,29,49,15,17,21,03,00,25,15,05,03,11,15,43,03)
pages[10]=(03,17,53,23,03,53,00,53,37,53,19,15,17,03,03,00,25,53,05,03,11,53,43,03)
pages[11]=(53,41,63,33,45,09,00,01,53,07,49,07,17,03,03,00,53,15,05,21,11,15,07,03)
pages[12]=(03,17,41,33,19,19,00,57,19,29,49,15,19,03,03,00,25,15,05,03,41,41,43,41)
pages[13]=(03,53,53,19,03,07,00,23,37,23,49,07,07,41,53,00,25,15,27,41,11,15,43,03)
pages[14]=(45,17,63,33,03,09,00,57,37,29,27,15,17,03,27,00,25,15,27,03,27,15,27,03)
pages[15]=(31,53,31,33,03,09,00,53,13,29,07,45,17,07,03,00,25,31,31,13,53,15,43,03)
pages[16]=(03,17,63,33,41,09,00,01,37,29,41,15,41,41,41,00,41,41,05,41,11,15,27,41)
pages[17]=(03,07,47,33,03,09,00,01,07,07,49,15,47,07,27,00,25,15,05,07,11,47,07,47)
pages[18]=(13,53,63,19,19,31,00,57,13,29,49,15,17,03,03,00,25,53,05,03,13,19,43,03)
pages[19]=(45,17,31,33,03,09,00,23,23,53,53,23,53,03,03,00,25,15,05,03,11,15,43,03)
pages[20]=(03,17,63,19,31,09,00,57,37,31,49,53,17,31,03,00,41,31,05,53,13,15,27,03)
pages[21]=(03,07,63,33,03,09,00,57,07,29,49,15,17,53,53,00,31,31,05,31,11,19,27,03)
pages[22]=(03,17,63,33,03,09,00,01,37,29,49,15,17,03,03,00,25,15,05,03,11,15,43,03)
pages[23]=(03,31,63,19,03,09,00,57,19,29,49,13,17,53,53,00,25,31,19,31,31,31,31,19)
pages2[0]=(45,23,05,03,41,49,53,31)
pages2[1]=(21,61,05,57,03,49,55,57)
pages2[2]=(53,33,45,03,35,49,35,03)
pages2[3]=(39,61,05,03,57,59,55,03)
pages2[4]=(39,33,35,35,03,49,55,57)
pages2[5]=(53,33,13,57,03,49,55,35)
pages2[6]=(39,61,51,57,57,59,55,57)
pages2[7]=(07,35,05,03,57,35,55,03)
damage=7,7,11|13,4,8|17,-5,0|19,2,0|21,0,0|27,-5,0|31,4,8|35,5,9|41,2,6|45,-4,0|47,-1,0|53,5,9