pages[00]=(19,05,37,13,11,39,19,57,47,41,37,15,59,00,19,27,00,19,39,19,13,15,00,13)
pages[01]=(03,19,37,33,03,39,09,51,47,41,37,15,59,00,03,09,00,43,19,03,25,15,00,63)
pages[02]=(31,05,49,33,03,49,19,53,47,29,49,07,19,00,03,19,00,13,39,31,19,19,00,63)
pages[03]=(03,05,37,33,03,29,23,51,47,29,37,15,59,00,03,09,00,43,39,03,25,15,00,63)
pages[04]=(31,53,49,53,03,41,31,57,47,29,31,19,31,00,03,27,00,13,19,31,31,19,00,63)
pages[05]=(19,05,37,33,19,19,09,57,41,41,37,19,59,00,03,19,00,43,19,19,25,15,00,63)
pages[06]=(11,13,37,23,11,39,27,19,47,41,37,53,59,00,03,19,00,27,39,19,25,53,00,13)
pages[07]=(55,57,37,57,55,47,09,51,47,57,37,19,57,00,55,09,00,43,55,21,47,55,00,55)
pages[08]=(03,05,37,33,03,39,09,51,47,29,37,15,19,00,03,09,00,43,39,21,25,15,00,63)
pages[09]=(03,05,37,33,21,39,09,51,47,29,37,15,59,00,03,09,00,43,39,03,25,15,00,63)
pages[10]=(03,05,37,23,03,39,09,13,47,41,49,15,59,00,03,09,00,43,19,03,19,07,00,63)
pages[11]=(19,13,49,33,19,19,09,01,47,41,31,07,53,00,03,19,00,13,19,21,49,15,00,63)
pages[12]=(03,05,37,33,03,39,09,57,41,19,37,15,19,00,03,09,00,43,19,03,19,19,00,63)
pages[13]=(11,05,37,53,03,53,09,23,41,41,37,07,59,00,31,09,00,53,39,13,25,15,00,63)
pages[14]=(11,05,37,33,03,39,09,57,47,29,37,15,59,00,27,27,00,43,39,03,49,15,00,63)
pages[15]=(03,05,37,33,11,41,53,19,47,29,37,15,13,00,03,27,00,31,19,53,49,19,00,53)
pages[16]=(03,05,37,33,03,39,17,01,47,29,37,17,59,00,17,17,00,43,39,17,25,15,00,17)
pages[17]=(03,19,37,33,03,39,09,01,41,41,41,19,59,00,31,09,00,41,39,31,49,07,00,63)
pages[18]=(03,53,37,19,03,19,09,57,47,29,37,15,59,00,03,09,00,31,19,03,31,15,00,63)
pages[19]=(19,13,37,33,11,39,19,23,47,41,37,23,59,00,03,09,00,43,41,03,25,15,00,63)
pages[20]=(03,05,37,13,03,19,09,57,47,13,49,31,59,00,03,09,00,43,39,31,25,53,00,63)
pages[21]=(03,19,49,33,19,39,31,57,41,41,37,07,41,00,03,19,00,13,39,31,49,19,00,63)
pages[22]=(03,05,37,33,03,39,09,01,47,29,37,15,59,00,03,09,00,43,39,03,25,15,00,63)
pages[23]=(03,19,37,31,11,19,19,57,41,29,37,07,59,00,31,09,00,31,19,13,49,19,00,13)
pages2[0]=(37,23,09,13,41,45,19,11)
pages2[1]=(37,57,09,57,03,45,51,61)
pages2[2]=(49,33,19,19,61,43,35,03)
pages2[3]=(37,57,09,19,61,45,51,03)
pages2[4]=(37,33,55,35,03,53,51,61)
pages2[5]=(37,33,13,57,03,53,51,61)
pages2[6]=(37,57,55,57,61,45,51,61)
pages2[7]=(49,35,27,19,61,45,51,03)
damage=7,6,0|11,3,0|13,2,0|17,-1,0|19,0,0|21,0,0|27,3,0|31,1,0|35,5,0|41,1,0|49,2,0|53,5,0