pages[00]=(27,00,00,19,13,19,49,57,37,19,00,31,13,00,49,13,41,31,00,51,49,11,00,00)
pages[01]=(03,00,00,33,03,63,09,57,37,59,00,05,17,00,43,09,59,15,00,51,63,11,00,00)
pages[02]=(19,00,00,33,03,63,49,19,19,29,00,05,17,00,43,45,19,19,00,19,19,11,00,00)
pages[03]=(03,00,00,33,03,63,23,57,37,29,00,05,17,00,43,09,19,15,00,51,63,11,00,00)
pages[04]=(19,00,00,19,27,63,07,57,19,23,00,27,17,00,19,53,25,53,00,53,19,11,00,00)
pages[05]=(19,63,00,19,19,45,09,57,19,29,00,45,17,00,19,45,25,19,00,19,49,11,00,00)
pages[06]=(49,00,00,23,13,63,13,19,37,19,00,31,13,00,43,13,31,13,00,13,27,31,00,00)
pages[07]=(57,00,00,61,57,57,09,57,61,61,00,19,57,00,57,09,41,41,00,21,57,57,00,00)
pages[08]=(03,00,00,33,03,63,09,57,37,29,00,05,17,00,43,09,41,15,00,21,63,11,00,00)
pages[09]=(03,00,00,33,23,63,09,57,37,29,00,05,17,00,43,09,25,15,00,51,63,11,00,00)
pages[10]=(49,00,00,23,13,19,13,19,37,19,00,05,17,00,19,31,25,31,00,19,49,31,00,00)
pages[11]=(53,00,00,33,45,45,09,01,19,19,00,07,17,00,19,45,53,15,00,21,63,11,00,00)
pages[12]=(03,00,00,33,03,63,09,57,59,29,00,05,59,00,43,09,25,59,00,51,63,59,00,00)
pages[13]=(07,00,00,19,03,19,09,23,37,23,00,53,53,00,53,09,25,53,00,41,63,11,00,00)
pages[14]=(49,00,00,33,03,63,09,57,37,29,00,05,17,00,43,45,25,15,00,51,49,11,00,00)
pages[15]=(53,00,00,33,03,27,53,19,19,29,00,45,17,00,43,07,25,53,00,31,19,45,00,00)
pages[16]=(03,00,00,33,03,63,09,01,37,29,00,05,19,00,19,09,19,41,00,41,63,11,00,00)
pages[17]=(03,00,00,33,03,63,09,01,07,19,00,05,13,00,07,09,07,15,00,07,63,11,00,00)
pages[18]=(19,00,00,19,45,45,07,57,19,29,00,45,17,00,19,45,25,53,00,51,19,45,00,00)
pages[19]=(49,00,00,33,03,41,49,23,23,19,00,23,13,00,13,09,25,41,00,51,49,11,00,00)
pages[20]=(49,00,00,19,19,49,49,57,37,19,00,19,17,00,43,09,41,19,00,51,49,11,00,00)
pages[21]=(03,00,00,33,45,63,49,57,19,19,00,05,17,00,43,45,19,19,00,19,63,11,00,00)
pages[22]=(03,00,00,33,03,63,09,01,37,29,00,05,17,00,43,09,25,15,00,51,63,11,00,00)
pages[23]=(03,00,00,19,45,45,49,57,19,29,00,19,17,00,43,09,25,19,00,19,49,11,00,00)
pages2[0]=(45,23,09,19,41,03,19,19)
pages2[1]=(21,61,09,57,25,03,57,57)
pages2[2]=(53,33,45,19,35,03,35,07)
pages2[3]=(39,61,09,09,55,57,57,37)
pages2[4]=(39,33,57,47,25,13,57,57)
pages2[5]=(13,33,13,57,25,03,57,47)
pages2[6]=(39,61,57,57,55,57,57,57)
pages2[7]=(07,35,53,09,55,57,57,37)
damage=7,6,0|13,5,0|19,0,0|21,0,0|27,-3,0|31,5,0|35,3,0|41,1,0|45,-3,0|47,5,0|49,-3,0|53,3,0|59,0,0