pages[00]=(49,17,19,19,13,19,49,57,37,19,49,53,13,19,51,13,41,53,13,49,49,00,27,19)
pages[01]=(05,19,09,33,03,03,11,57,37,19,11,15,17,03,51,09,19,59,03,05,05,00,43,19)
pages[02]=(19,17,17,33,03,03,49,19,19,29,11,15,17,45,51,45,19,63,19,19,19,00,19,45)
pages[03]=(05,17,09,33,03,03,23,57,37,29,21,15,17,03,51,09,19,59,03,05,05,00,43,03)
pages[04]=(31,53,09,19,45,03,07,57,19,23,07,45,17,31,51,53,25,31,45,53,19,00,43,45)
pages[05]=(19,17,09,19,19,45,11,57,19,29,11,45,17,19,51,45,25,19,45,19,49,00,29,45)
pages[06]=(49,17,49,23,19,03,13,19,37,19,11,53,19,13,53,13,13,53,13,49,49,00,53,49)
pages[07]=(57,57,09,57,57,57,11,57,57,57,11,19,57,21,61,09,41,41,57,21,57,00,43,57)
pages[08]=(05,17,17,33,03,03,11,57,37,29,11,15,17,05,51,09,41,59,03,21,05,00,43,03)
pages[09]=(05,17,09,33,23,03,11,57,37,29,11,15,17,23,51,09,25,59,03,05,05,00,43,03)
pages[10]=(49,17,09,23,19,19,13,19,37,19,19,15,17,03,51,31,25,53,03,49,49,00,43,49)
pages[11]=(53,41,17,33,45,45,11,01,19,19,11,07,17,03,51,45,53,59,45,21,05,00,41,17)
pages[12]=(05,17,09,33,03,03,11,57,19,29,11,15,19,05,51,09,25,63,03,05,05,00,43,19)
pages[13]=(07,31,45,19,03,19,11,23,37,23,11,53,53,19,31,09,25,31,27,41,05,00,29,03)
pages[14]=(49,17,09,33,03,03,11,57,37,29,27,15,17,03,51,27,25,59,27,05,27,00,27,03)
pages[15]=(53,53,45,33,03,45,53,19,19,29,53,45,17,53,51,31,25,53,45,31,19,00,43,17)
pages[16]=(05,17,11,33,03,03,11,01,37,29,19,15,19,03,51,09,19,41,03,41,05,00,27,19)
pages[17]=(05,07,55,33,03,03,11,01,07,19,11,15,55,07,07,09,07,59,03,07,05,00,07,55)
pages[18]=(31,53,09,19,45,45,07,57,19,29,09,45,17,05,51,45,25,31,45,05,19,00,43,45)
pages[19]=(49,17,31,33,03,41,49,23,23,19,13,23,19,03,51,09,25,41,03,05,49,00,43,05)
pages[20]=(49,17,09,19,19,49,49,57,37,19,49,19,17,19,51,09,41,19,19,49,49,00,27,49)
pages[21]=(05,19,45,33,45,03,19,57,19,19,19,15,17,19,51,45,19,63,45,19,05,00,27,45)
pages[22]=(05,17,09,33,03,03,11,01,37,29,11,15,17,03,51,09,25,59,03,05,05,00,03,03)
pages[23]=(05,19,45,19,45,45,49,57,19,29,49,19,17,19,51,09,25,63,45,19,49,00,19,49)
pages2[0]=(45,23,09,17,41,11,19,19)
pages2[1]=(21,61,09,57,05,11,57,57)
pages2[2]=(53,33,45,17,35,11,35,03)
pages2[3]=(39,61,09,17,57,57,57,03)
pages2[4]=(39,33,57,47,05,13,57,57)
pages2[5]=(13,33,13,57,05,11,57,47)
pages2[6]=(39,61,57,57,57,57,57,57)
pages2[7]=(07,35,53,17,57,57,57,03)
damage=7,6,0|13,4,0|17,-4,0|19,-1,0|21,-1,0|27,-6,0|31,3,0|35,5,0|41,0,0|45,-3,-2|47,4,0|49,-3,-2|53,5,0|55,1,0