aimove[0]=0,0,3,3,0,0,3,3
aimove[1]=0,0,2,2,0,0,2,2
aimove[2]=0,0,2,1,0,0,2,1
aimove[3]=0,0,2,2,0,0,2,2
aimove[4]=0,0,3,2,0,0,3,2
aimove[5]=0,0,3,2,0,0,3,2
aimove[6]=0,0,2,2,0,0,2,2
aimove[7]=0,0,2,2,0,0,2,2
aimove[8]=0,0,3,4,0,0,3,4
aimove[9]=0,0,2,3,0,0,2,3
aimove[10]=0,0,4,3,0,0,4,3
aimove[11]=1,3,1,3,1,3,1,3
aimove[12]=2,2,1,2,2,2,1,2
aimove[13]=0,0,3,2,0,0,3,2
aimove[14]=0,0,2,3,0,0,2,3
aimove[15]=5,2,0,0,4,2,0,0
aimove[16]=0,0,0,0,5,5,5,5
aimove[17]=0,0,0,0,5,4,5,4
aimove[18]=2,3,2,3,2,3,2,3
aimove[19]=3,4,3,4,2,3,2,3
aimove[20]=3,4,3,4,2,3,2,3
aimove[21]=2,4,2,4,2,4,2,4
aimove[22]=0,0,3,3,0,0,3,3
aimove[23]=0,0,1,1,0,0,1,1
aimove[24]=0,0,1,2,0,0,1,2
aimove[25]=0,0,1,2,0,0,1,2
aimove[26]=0,0,0,0,4,5,4,5
aimove[27]=4,2,2,3,4,2,3,3
aimove[28]=3,4,3,4,3,3,3,3
aimove[29]=3,4,3,4,3,4,3,4