pages[00]=(49,49,13,19,13,17,45,57,37,13,51,13,19,13,45,13,13,00,11,45,45,15,27,13)
pages[01]=(05,19,19,33,03,19,09,57,37,19,19,15,45,03,03,09,41,00,11,05,19,15,43,19)
pages[02]=(19,49,09,33,03,17,45,19,31,29,53,15,45,45,03,45,41,00,53,05,19,15,19,03)
pages[03]=(05,49,09,33,03,17,21,57,37,29,21,15,45,03,03,09,41,00,11,05,63,15,43,03)
pages[04]=(31,49,09,33,45,17,07,57,13,23,53,45,45,31,03,53,25,00,11,53,31,15,43,03)
pages[05]=(31,49,09,19,53,17,09,57,13,29,51,45,45,31,03,45,25,00,11,07,45,15,43,03)
pages[06]=(49,49,01,23,13,17,13,53,37,53,51,13,19,13,03,13,13,00,11,45,45,13,53,03)
pages[07]=(57,57,09,61,57,57,09,57,57,57,51,19,57,21,57,09,41,00,57,21,57,57,43,57)
pages[08]=(05,49,19,33,03,17,09,57,37,29,51,15,45,03,03,09,41,00,11,21,63,15,43,03)
pages[09]=(05,49,09,33,21,17,09,57,37,29,51,15,45,21,03,09,25,00,11,05,63,15,43,03)
pages[10]=(49,49,09,23,13,53,13,19,37,53,19,15,45,03,03,31,25,00,11,05,45,13,43,03)
pages[11]=(53,49,09,33,45,17,09,01,19,53,51,07,45,03,03,45,31,00,11,21,63,15,41,03)
pages[12]=(05,49,19,33,03,19,09,57,19,29,51,15,19,03,03,09,25,00,11,05,19,19,43,19)
pages[13]=(07,31,01,19,03,07,09,23,37,23,51,53,53,19,53,09,25,00,27,41,63,15,43,03)
pages[14]=(49,49,09,33,03,17,09,57,37,29,27,15,45,03,27,27,25,00,27,05,27,15,27,03)
pages[15]=(53,31,01,33,03,17,53,19,13,29,07,45,45,53,03,31,25,00,31,13,53,15,43,03)
pages[16]=(05,49,09,33,41,17,09,01,37,29,41,15,41,41,41,51,41,00,11,41,63,15,27,41)
pages[17]=(05,19,01,33,03,17,09,01,19,53,51,15,19,07,27,09,25,00,11,53,63,53,07,53)
pages[18]=(31,31,09,19,45,31,07,57,13,29,51,45,45,03,03,45,25,00,11,05,31,15,43,03)
pages[19]=(49,49,31,33,03,17,45,23,23,53,53,23,13,03,03,09,25,00,11,05,45,15,43,03)
pages[20]=(49,49,09,33,13,17,45,57,37,19,51,13,45,13,03,09,41,00,11,19,45,15,27,03)
pages[21]=(05,49,01,33,45,17,19,57,19,29,51,15,45,19,19,45,19,00,11,19,63,15,27,03)
pages[22]=(05,49,09,33,03,17,09,01,37,29,51,15,45,03,03,09,25,00,11,05,63,15,43,03)
pages[23]=(05,49,01,33,45,17,45,57,37,29,51,19,45,19,19,09,25,00,19,19,45,15,19,03)
pages2[0]=(45,23,09,45,41,47,19,19)
pages2[1]=(21,61,09,57,59,47,55,57)
pages2[2]=(53,33,45,45,35,47,35,03)
pages2[3]=(39,61,09,45,59,47,55,03)
pages2[4]=(39,33,53,35,59,47,55,57)
pages2[5]=(13,33,13,57,59,47,55,53)
pages2[6]=(39,61,57,57,59,47,55,57)
pages2[7]=(07,35,09,45,59,35,55,03)
damage=7,7,11|13,5,9|19,0,0|21,0,0|27,-4,0|31,3,7|35,5,9|41,1,5|45,-3,0|49,-3,0|53,5,9