pages[00]=(45,17,13,19,13,19,45,57,37,19,49,13,13,13,45,13,41,13,13,45,45,15,27,13)
pages[01]=(03,19,09,33,03,03,11,57,37,19,05,15,17,03,03,09,19,59,51,03,03,15,43,19)
pages[02]=(19,17,17,33,03,03,45,19,19,29,05,15,17,45,03,45,19,63,19,19,19,45,19,45)
pages[03]=(03,17,09,33,03,03,23,57,37,29,21,15,17,03,03,09,19,59,51,03,03,15,43,03)
pages[04]=(31,53,09,19,45,03,07,57,19,23,07,45,17,31,03,53,25,31,49,53,19,45,43,45)
pages[05]=(19,17,09,19,19,45,11,57,19,29,05,45,17,19,03,45,25,19,49,19,45,15,29,45)
pages[06]=(45,17,45,23,13,03,13,19,37,19,05,13,13,13,03,13,13,13,13,45,45,13,53,45)
pages[07]=(57,57,09,61,57,57,11,57,57,57,05,19,57,21,57,09,41,63,57,21,57,57,43,57)
pages[08]=(03,17,17,33,03,03,11,57,37,29,05,15,17,03,03,09,41,59,51,21,03,15,43,03)
pages[09]=(03,17,09,33,23,03,11,57,37,29,05,15,17,23,03,09,25,59,51,03,03,15,43,03)
pages[10]=(45,17,09,23,13,19,13,19,37,19,19,15,17,03,03,31,25,13,51,45,45,13,43,45)
pages[11]=(53,41,17,33,45,45,11,01,19,19,05,07,17,03,03,45,53,59,49,21,03,15,41,17)
pages[12]=(03,17,09,33,03,03,11,57,19,29,05,15,19,03,03,09,25,63,51,03,03,19,43,19)
pages[13]=(07,31,45,19,03,19,11,23,37,23,05,53,53,19,31,09,25,31,49,41,03,15,29,03)
pages[14]=(45,17,09,33,03,03,11,57,37,29,49,15,17,03,27,27,25,59,49,03,27,15,27,03)
pages[15]=(53,53,45,33,03,45,53,19,19,29,53,45,17,53,03,31,25,53,49,31,19,45,43,17)
pages[16]=(03,17,09,33,03,03,11,01,37,29,19,15,19,03,03,09,19,41,51,41,03,15,27,19)
pages[17]=(03,07,55,33,03,03,11,01,07,19,05,15,55,07,27,09,07,59,51,07,03,55,07,55)
pages[18]=(31,53,09,19,45,45,07,57,19,29,05,45,17,03,03,45,25,31,49,03,19,45,43,45)
pages[19]=(45,17,31,33,03,41,45,23,23,19,49,23,13,03,03,09,25,41,49,03,45,15,43,03)
pages[20]=(45,17,09,19,19,45,45,57,37,19,49,19,17,19,03,09,41,19,19,45,45,15,27,45)
pages[21]=(03,19,45,33,45,03,19,57,19,19,19,15,17,19,19,45,19,63,49,19,03,45,27,45)
pages[22]=(03,17,09,33,03,03,11,01,37,29,05,15,17,03,15,09,25,59,51,03,03,15,43,03)
pages[23]=(03,19,45,19,45,45,45,57,19,29,49,19,17,19,19,09,25,63,49,19,45,45,19,45)
pages2[0]=(45,23,59,17,41,09,19,19)
pages2[1]=(21,61,63,57,03,09,57,57)
pages2[2]=(53,33,63,17,35,09,35,03)
pages2[3]=(39,61,63,17,57,57,57,03)
pages2[4]=(39,33,61,47,03,13,57,57)
pages2[5]=(13,33,19,57,03,09,57,47)
pages2[6]=(39,61,61,57,57,57,57,57)
pages2[7]=(07,35,53,17,57,57,57,03)
damage=7,7,0|13,3,0|17,-4,0|19,-1,0|21,0,0|27,-6,0|31,1,0|35,2,0|41,0,0|45,-4,0|47,3,0|49,-4,0|53,2,0|55,0,0