pages[00]=(49,00,00,19,13,19,49,57,37,19,49,13,53,13,49,13,41,13,13,49,49,00,27,00)
pages[01]=(05,00,00,33,03,03,11,57,37,59,11,15,59,03,15,09,59,63,03,05,05,00,43,00)
pages[02]=(19,00,00,33,03,03,49,19,19,29,11,15,23,45,05,45,19,19,19,19,19,00,19,00)
pages[03]=(05,00,00,33,03,03,23,57,37,29,21,15,29,03,03,09,19,63,03,05,05,00,43,00)
pages[04]=(31,00,00,19,45,03,07,57,19,23,07,45,23,31,03,53,25,53,45,53,19,00,43,00)
pages[05]=(19,00,00,19,19,45,11,57,19,29,11,45,23,19,03,45,25,53,45,19,49,00,29,00)
pages[06]=(49,00,00,23,13,03,13,19,37,19,11,13,53,13,05,13,13,13,13,49,49,00,53,00)
pages[07]=(57,00,00,61,57,57,11,57,61,61,11,19,57,21,57,09,41,63,57,21,57,00,43,00)
pages[08]=(05,00,00,33,03,03,11,57,37,29,11,15,23,05,03,09,41,63,03,21,05,00,43,00)
pages[09]=(05,00,00,33,23,03,11,57,37,29,11,15,29,21,03,09,25,63,03,05,05,00,43,00)
pages[10]=(49,00,00,23,13,19,13,19,37,19,19,15,19,03,05,31,25,13,03,49,49,00,43,00)
pages[11]=(53,00,00,33,45,45,11,01,19,19,11,07,07,03,03,45,53,63,45,21,05,00,41,00)
pages[12]=(05,00,00,33,03,03,11,57,59,29,11,15,29,05,03,09,25,63,03,05,05,00,43,00)
pages[13]=(07,00,00,19,03,19,11,23,37,23,11,53,23,19,31,09,25,63,27,41,05,00,29,00)
pages[14]=(49,00,00,33,03,03,11,57,37,29,27,15,29,03,27,27,25,63,27,05,27,00,27,00)
pages[15]=(53,00,00,33,03,45,53,19,19,29,53,45,23,53,03,31,25,53,45,31,19,00,43,00)
pages[16]=(05,00,00,33,03,03,11,01,37,29,51,15,51,03,03,09,51,63,03,41,05,00,27,00)
pages[17]=(05,00,00,33,03,03,11,01,07,19,11,15,23,07,27,09,07,63,03,07,05,00,07,00)
pages[18]=(31,00,00,19,45,45,07,57,19,29,09,45,23,05,05,45,25,53,45,05,19,00,43,00)
pages[19]=(49,00,00,33,03,41,49,23,23,19,13,23,23,03,05,09,25,63,03,05,49,00,43,00)
pages[20]=(49,00,00,19,19,49,49,57,37,19,49,19,23,19,05,09,41,13,19,49,49,00,27,00)
pages[21]=(05,00,00,33,45,03,19,57,19,19,19,15,23,19,19,45,19,63,45,19,05,00,27,00)
pages[22]=(05,00,00,33,03,03,11,01,37,29,11,15,29,03,15,09,25,63,03,05,05,00,43,00)
pages[23]=(05,00,00,19,45,45,49,57,19,29,49,19,23,19,19,09,25,63,45,19,49,00,19,00)
pages2[0]=(45,23,63,53,41,11,19,19)
pages2[1]=(21,61,63,57,05,11,57,57)
pages2[2]=(53,33,63,45,35,11,35,03)
pages2[3]=(39,61,63,45,57,57,55,03)
pages2[4]=(39,33,57,47,05,13,55,57)
pages2[5]=(13,33,63,57,05,11,55,47)
pages2[6]=(39,61,17,57,57,57,55,57)
pages2[7]=(07,35,53,03,57,57,55,03)
damage=7,7,0|13,4,0|19,0,0|21,0,0|27,-5,0|31,3,0|35,5,0|41,1,0|45,-4,0|47,4,0|49,-4,0|51,0,0|53,5,0|59,0,0