pages[00]=(49,63,13,19,13,13,49,57,37,19,49,13,13,13,49,13,41,00,13,49,49,15,27,13)
pages[01]=(05,59,59,33,03,59,11,57,37,59,11,15,17,03,15,09,59,00,03,05,59,15,43,59)
pages[02]=(05,63,17,33,03,03,49,19,19,29,11,15,17,45,05,45,25,15,03,05,05,45,43,45)
pages[03]=(05,63,09,33,03,03,21,57,37,29,21,15,17,03,03,09,19,00,03,05,05,15,43,03)
pages[04]=(31,53,09,19,45,03,07,57,13,23,07,45,17,31,03,53,25,00,45,53,31,45,43,45)
pages[05]=(31,63,09,19,53,45,11,57,13,29,11,45,17,31,03,45,25,00,45,53,49,15,31,45)
pages[06]=(49,63,49,23,03,03,11,19,37,29,11,15,17,03,05,09,25,00,03,49,49,15,43,49)
pages[07]=(57,57,09,61,57,57,11,57,61,61,11,19,57,21,57,09,41,00,57,21,57,57,43,57)
pages[08]=(05,63,17,33,03,03,11,57,37,29,11,15,17,03,03,09,41,00,03,21,05,15,43,03)
pages[09]=(05,63,09,33,21,03,11,57,37,29,11,15,17,21,03,09,25,00,03,05,05,15,43,03)
pages[10]=(49,63,09,23,03,03,11,19,37,53,11,15,17,03,05,09,25,00,03,49,49,15,43,49)
pages[11]=(53,41,17,33,45,45,11,01,53,07,11,07,17,03,03,45,53,00,45,21,05,15,41,17)
pages[12]=(05,63,59,33,03,59,11,57,59,29,11,15,59,03,03,09,25,00,03,05,59,59,43,59)
pages[13]=(07,31,45,19,03,53,11,23,37,23,11,53,53,19,31,09,25,00,27,41,05,15,31,03)
pages[14]=(49,63,09,33,03,03,11,57,37,29,27,15,17,03,27,27,25,00,27,05,27,15,27,03)
pages[15]=(05,63,45,33,03,45,11,19,37,29,11,45,17,03,03,09,25,00,45,05,05,45,43,17)
pages[16]=(05,63,11,33,51,03,11,01,37,41,51,15,51,51,51,51,51,00,03,41,05,15,27,51)
pages[17]=(05,07,55,33,03,03,11,01,07,07,11,15,55,07,27,09,07,00,03,07,05,55,07,55)
pages[18]=(31,53,09,19,45,45,07,57,13,29,09,45,17,03,05,45,25,00,45,05,31,45,43,45)
pages[19]=(49,63,31,33,03,41,49,23,23,53,13,23,13,03,05,09,25,00,03,05,49,15,43,05)
pages[20]=(49,63,09,19,13,49,49,57,37,31,49,13,17,13,05,09,41,00,13,49,49,15,27,49)
pages[21]=(05,19,45,33,45,03,19,57,07,19,19,15,17,19,19,45,19,00,45,19,05,45,27,45)
pages[22]=(05,63,09,33,03,03,11,01,37,29,11,15,17,03,15,09,25,00,03,05,05,15,43,03)
pages[23]=(05,19,45,19,45,45,49,57,19,29,49,19,17,19,19,09,25,00,45,19,49,45,19,49)
pages2[0]=(45,23,09,17,41,11,19,19)
pages2[1]=(21,61,09,57,05,11,57,57)
pages2[2]=(53,33,45,17,35,11,35,03)
pages2[3]=(39,61,09,17,57,57,57,03)
pages2[4]=(39,33,47,47,05,11,57,57)
pages2[5]=(13,33,13,57,05,11,57,47)
pages2[6]=(39,61,57,57,57,57,57,57)
pages2[7]=(07,35,09,17,57,35,57,03)
damage=7,7,0|13,4,0|17,-4,0|19,0,0|21,0,0|27,-5,0|31,3,0|35,5,0|41,0,0|45,-4,0|47,4,0|49,-4,0|51,0,0|53,5,0|55,0,0|59,0,0|63,-4,0