pages[00]=(45,27,13,13,45,00,45,57,37,13,49,15,13,13,00,09,13,00,49,45,43,47,00,19)
pages[01]=(19,19,19,33,03,00,09,57,37,19,19,15,63,03,00,09,41,00,49,05,19,47,00,17)
pages[02]=(53,27,11,33,03,00,53,53,31,29,53,15,63,03,00,09,41,00,53,05,19,47,00,17)
pages[03]=(05,27,11,33,03,00,21,57,37,29,21,15,63,03,00,09,41,00,49,05,43,47,00,17)
pages[04]=(45,31,11,53,45,00,45,57,53,23,07,45,63,53,00,53,25,00,49,07,43,47,00,17)
pages[05]=(13,27,11,19,31,00,09,57,19,29,49,15,63,03,00,19,25,00,49,53,43,47,00,17)
pages[06]=(45,27,11,23,45,00,19,19,37,53,49,19,13,41,00,09,13,00,49,45,43,19,00,17)
pages[07]=(57,57,11,61,57,00,09,57,57,57,49,15,57,21,00,09,41,00,57,21,57,57,00,57)
pages[08]=(05,27,11,33,03,00,09,57,37,29,49,15,63,03,00,09,41,00,49,21,43,47,00,17)
pages[09]=(05,27,11,33,21,00,09,57,37,29,49,15,63,21,00,09,25,00,49,05,43,47,00,17)
pages[10]=(05,27,53,23,03,00,31,53,37,53,19,15,63,03,00,09,25,00,49,05,43,53,00,17)
pages[11]=(07,19,11,33,45,00,09,01,53,07,49,19,63,03,00,45,53,00,49,21,43,47,00,17)
pages[12]=(05,27,41,33,41,00,09,57,19,29,49,15,19,03,00,09,25,00,49,05,19,41,00,41)
pages[13]=(05,31,53,53,03,00,09,23,37,23,49,53,07,41,00,09,25,00,27,41,43,47,00,17)
pages[14]=(45,27,11,33,03,00,09,57,37,29,19,15,63,03,00,19,25,00,19,05,43,47,00,17)
pages[15]=(53,31,31,33,03,00,07,53,13,29,07,45,63,07,00,53,25,00,31,13,53,47,00,17)
pages[16]=(05,27,11,33,41,00,09,01,37,29,41,15,41,41,00,41,41,00,49,41,43,47,00,41)
pages[17]=(05,19,11,33,03,00,09,01,19,53,49,15,41,53,00,09,25,00,49,53,43,47,00,17)
pages[18]=(31,31,11,53,53,00,07,57,13,29,49,15,63,03,00,09,25,00,49,05,31,19,00,17)
pages[19]=(45,27,31,33,03,00,45,23,23,53,53,23,53,03,00,09,25,00,49,05,43,47,00,17)
pages[20]=(05,27,11,53,13,00,31,57,37,31,49,13,63,31,00,09,41,00,49,53,19,47,00,17)
pages[21]=(05,19,11,33,03,00,09,57,07,29,49,15,63,53,00,41,31,00,49,31,43,19,00,17)
pages[22]=(05,27,11,33,03,00,09,01,37,29,49,15,63,03,00,09,25,00,49,05,43,47,00,17)
pages[23]=(05,19,11,13,03,00,09,57,19,29,49,19,63,53,00,09,25,00,19,31,19,31,00,19)
pages2[0]=(45,23,09,05,41,49,19,31)
pages2[1]=(21,61,09,57,63,49,55,57)
pages2[2]=(53,33,45,05,35,49,35,03)
pages2[3]=(39,61,09,05,51,59,55,03)
pages2[4]=(39,33,35,35,63,49,55,57)
pages2[5]=(53,33,13,57,63,49,55,35)
pages2[6]=(39,61,57,57,51,59,55,57)
pages2[7]=(07,35,09,05,51,35,55,03)
damage=7,8,12|13,5,9|19,2,0|21,2,0|31,4,8|35,4,8|41,2,6|45,-1,0|53,4,8