pages[00]=(45,45,13,19,13,00,45,57,37,31,45,13,13,13,45,13,41,13,00,45,00,11,27,00)
pages[01]=(05,45,19,33,03,00,09,55,37,19,19,49,45,03,15,09,19,15,00,05,00,11,27,00)
pages[02]=(05,45,17,33,03,00,45,19,19,29,59,49,03,45,05,45,19,19,00,19,00,11,19,00)
pages[03]=(05,05,17,33,03,00,21,55,37,29,23,49,03,03,03,09,19,15,00,05,00,11,43,00)
pages[04]=(31,53,17,19,45,00,07,57,13,23,07,49,45,31,03,53,25,31,00,53,00,45,43,00)
pages[05]=(31,45,17,19,53,00,09,57,19,29,59,19,45,19,03,45,25,19,00,19,00,11,29,00)
pages[06]=(45,45,19,23,13,00,13,19,37,53,13,13,13,13,05,13,13,13,00,45,00,45,53,00)
pages[07]=(57,57,17,61,57,00,09,55,57,57,59,49,57,21,57,09,41,41,00,21,00,57,43,00)
pages[08]=(05,05,17,33,03,00,09,55,37,29,59,49,03,05,03,09,41,15,00,21,00,11,43,00)
pages[09]=(05,05,17,33,21,00,09,55,37,29,59,49,03,21,03,09,25,15,00,05,00,11,43,00)
pages[10]=(05,45,17,23,51,00,51,51,37,51,59,49,51,03,05,51,25,51,00,45,00,51,43,00)
pages[11]=(53,41,17,33,45,00,09,01,07,07,59,07,45,03,03,45,53,15,00,21,00,11,41,00)
pages[12]=(05,45,19,33,03,00,09,55,19,29,59,49,45,05,03,09,25,19,00,05,00,11,43,00)
pages[13]=(07,31,45,19,03,00,09,23,37,23,59,53,53,19,31,09,25,31,00,41,00,11,29,00)
pages[14]=(45,27,17,33,03,00,09,57,37,29,59,49,27,03,27,27,25,15,00,05,00,11,27,00)
pages[15]=(53,53,45,33,03,00,53,19,13,29,53,19,31,53,03,31,25,53,00,31,00,19,43,00)
pages[16]=(05,05,17,33,19,00,09,01,37,29,19,49,19,03,03,09,19,41,00,41,00,11,27,00)
pages[17]=(05,07,03,33,03,00,09,01,07,07,59,49,19,07,27,09,07,15,00,07,00,11,07,00)
pages[18]=(31,53,17,19,45,00,07,57,13,29,59,49,45,05,05,45,25,31,00,05,00,45,43,00)
pages[19]=(45,45,31,33,03,00,45,23,23,53,13,23,19,03,05,09,25,41,00,05,00,11,43,00)
pages[20]=(45,45,17,19,13,00,45,57,37,31,45,19,19,13,05,09,41,19,00,45,00,11,27,00)
pages[21]=(05,19,45,33,45,00,49,57,19,19,59,49,45,19,19,45,19,19,00,19,00,45,27,00)
pages[22]=(05,05,17,33,03,00,09,01,37,29,59,49,03,03,15,09,25,15,00,05,00,11,43,00)
pages[23]=(05,19,45,19,45,00,45,57,19,29,09,19,45,19,19,09,25,19,00,19,00,11,19,00)
pages2[0]=(45,23,59,19,41,41,19,19)
pages2[1]=(21,61,59,63,05,49,55,57)
pages2[2]=(17,33,59,51,35,49,35,03)
pages2[3]=(39,61,59,63,57,57,55,03)
pages2[4]=(39,33,59,47,05,13,55,57)
pages2[5]=(13,33,13,63,05,19,47,47)
pages2[6]=(39,61,59,63,57,49,55,57)
pages2[7]=(07,35,53,45,57,49,57,03)
damage=7,4,0|13,3,0|19,1,0|21,0,0|27,-5,0|31,3,0|35,4,0|41,0,0|45,-4,0|47,1,0|51,1,0|53,4,0