pages[00]=(49,49,51,13,13,13,49,57,37,31,59,13,13,13,49,13,41,13,13,49,00,15,27,13)
pages[01]=(05,19,51,33,03,19,11,57,37,19,59,15,49,03,15,09,19,15,03,05,00,15,43,63)
pages[02]=(53,49,53,33,03,03,49,53,13,29,59,31,45,45,05,45,13,53,31,31,00,45,53,63)
pages[03]=(05,49,51,33,03,03,23,57,37,29,21,15,45,03,03,09,41,15,03,05,00,15,43,63)
pages[04]=(31,53,51,53,45,03,07,57,13,23,07,45,45,31,03,53,25,31,45,53,00,45,43,63)
pages[05]=(31,49,51,31,53,45,11,57,13,19,59,19,45,31,03,45,25,31,45,53,00,15,29,63)
pages[06]=(49,49,53,23,13,03,13,13,37,53,59,13,13,13,05,13,13,13,13,49,00,13,53,63)
pages[07]=(55,57,51,57,55,57,11,57,57,57,59,19,57,21,55,09,41,41,57,21,00,57,43,57)
pages[08]=(05,49,51,33,03,03,11,57,37,29,59,15,45,05,03,09,41,15,03,21,00,15,43,63)
pages[09]=(05,49,51,33,21,03,11,57,37,29,59,15,45,21,03,09,25,15,03,05,00,15,43,63)
pages[10]=(19,49,51,23,13,13,13,13,37,53,19,15,45,03,05,31,25,13,03,49,00,13,43,63)
pages[11]=(53,41,51,33,45,45,11,01,53,07,03,07,45,53,03,45,53,15,45,21,00,15,41,63)
pages[12]=(05,49,51,33,03,19,11,57,19,19,03,15,19,05,03,09,25,15,03,05,00,19,43,63)
pages[13]=(07,31,51,53,03,53,11,23,53,23,59,53,31,19,31,09,25,31,03,41,00,15,29,63)
pages[14]=(49,49,51,33,03,03,11,57,37,29,27,15,45,03,27,27,25,15,27,05,00,15,27,63)
pages[15]=(53,53,51,33,03,45,53,53,13,29,53,45,45,53,03,31,25,53,45,31,00,45,43,53)
pages[16]=(05,49,51,33,03,03,11,01,37,29,17,15,19,17,03,17,25,41,03,41,00,15,27,17)
pages[17]=(05,07,07,33,03,03,11,01,07,07,59,15,31,07,27,09,07,41,03,07,00,19,07,63)
pages[18]=(31,53,51,53,19,45,07,57,13,29,31,19,45,05,05,45,25,31,45,05,00,45,43,63)
pages[19]=(49,49,51,33,03,41,49,23,23,53,13,23,13,03,05,09,25,41,03,05,00,15,43,63)
pages[20]=(19,49,51,13,13,49,19,57,19,31,59,13,49,13,05,09,41,13,13,49,00,13,27,63)
pages[21]=(05,19,51,33,45,03,31,57,07,53,31,31,45,31,31,45,13,53,45,31,00,45,27,63)
pages[22]=(05,49,51,33,03,03,11,01,37,29,59,15,45,03,15,09,25,15,03,05,00,15,43,63)
pages[23]=(05,19,51,31,45,45,49,57,31,19,59,31,45,31,31,09,25,31,45,13,00,45,53,63)
pages2[0]=(45,23,09,53,41,11,19,19)
pages2[1]=(21,57,09,57,05,11,55,57)
pages2[2]=(53,33,45,19,35,11,35,03)
pages2[3]=(39,57,09,45,57,61,55,03)
pages2[4]=(39,33,57,47,05,13,55,57)
pages2[5]=(13,33,13,57,05,11,55,47)
pages2[6]=(39,57,61,57,57,61,55,57)
pages2[7]=(07,35,53,45,57,61,55,03)
damage=7,7,0|13,4,0|17,0,0|19,0,0|21,0,0|27,-3,0|31,4,0|35,5,0|41,1,0|45,-5,0|47,4,0|49,-5,0|53,5,0