pages[00]=(49,00,00,13,13,00,49,57,37,31,00,13,00,13,49,13,41,13,00,49,00,00,27,00)
pages[01]=(05,00,00,33,03,00,11,57,37,29,00,15,00,03,15,09,25,15,00,05,00,00,43,00)
pages[02]=(53,00,00,33,03,00,49,53,13,29,00,31,00,31,05,45,13,53,00,31,00,00,53,00)
pages[03]=(05,00,00,33,03,00,21,57,37,29,00,15,00,03,03,09,19,15,00,05,00,00,43,00)
pages[04]=(31,00,00,53,45,00,07,57,13,23,00,45,00,31,03,53,25,31,00,53,00,00,43,00)
pages[05]=(31,00,00,31,53,00,11,57,13,29,00,45,00,31,03,45,25,31,00,53,00,00,29,00)
pages[06]=(49,00,00,23,13,00,13,19,37,53,00,13,00,13,05,13,13,13,00,49,00,00,53,00)
pages[07]=(51,00,00,61,51,00,11,57,61,61,00,19,00,21,51,09,41,41,00,21,00,00,43,00)
pages[08]=(05,00,00,33,03,00,11,57,37,29,00,15,00,03,03,09,41,15,00,21,00,00,43,00)
pages[09]=(05,00,00,33,21,00,11,57,37,29,00,15,00,21,03,09,25,15,00,05,00,00,43,00)
pages[10]=(49,00,00,23,13,00,13,19,37,53,00,15,00,03,05,31,25,13,00,49,00,00,43,00)
pages[11]=(53,00,00,33,45,00,11,01,53,07,00,07,00,53,03,45,53,15,00,21,00,00,41,00)
pages[12]=(05,00,00,33,03,00,11,57,37,29,00,15,00,03,03,09,25,15,00,05,00,00,43,00)
pages[13]=(07,00,00,53,03,00,11,23,37,23,00,53,00,19,31,09,25,31,00,41,00,00,29,00)
pages[14]=(49,00,00,33,03,00,11,57,37,29,00,15,00,03,27,27,25,15,00,05,00,00,27,00)
pages[15]=(53,00,00,33,03,00,53,19,13,29,00,45,00,53,03,31,25,53,00,31,00,00,43,00)
pages[16]=(05,00,00,33,03,00,11,01,37,29,00,15,00,17,03,17,25,41,00,41,00,00,27,00)
pages[17]=(05,00,00,33,03,00,63,63,07,07,00,15,00,07,27,09,07,63,00,07,00,00,07,00)
pages[18]=(31,00,00,53,45,00,07,57,13,29,00,45,00,03,05,45,25,31,00,05,00,00,43,00)
pages[19]=(49,00,00,33,03,00,49,23,23,53,00,23,00,03,05,09,25,41,00,05,00,00,43,00)
pages[20]=(49,00,00,13,13,00,49,57,37,31,00,13,00,13,05,09,41,13,00,49,00,00,27,00)
pages[21]=(05,00,00,33,45,00,53,57,07,53,00,31,00,31,53,45,13,53,00,31,00,00,27,00)
pages[22]=(05,00,00,33,03,00,11,01,37,29,00,15,00,03,15,09,25,15,00,05,00,00,43,00)
pages[23]=(05,00,00,19,45,00,49,57,19,29,00,31,00,31,19,09,25,31,00,19,00,00,19,00)
pages2[0]=(45,23,00,53,41,11,19,19)
pages2[1]=(21,61,00,57,05,11,57,51)
pages2[2]=(53,33,00,45,35,11,35,03)
pages2[3]=(39,61,00,45,51,55,57,03)
pages2[4]=(39,33,00,47,05,13,57,51)
pages2[5]=(13,33,00,57,05,11,57,47)
pages2[6]=(39,61,00,57,51,55,57,51)
pages2[7]=(07,59,00,45,51,55,57,03)
damage=7,6,0|13,3,0|17,0,0|19,0,0|21,0,0|27,-5,0|31,2,0|35,4,0|41,0,0|45,-4,0|47,3,0|49,-4,0|53,4,0|59,2,0