pages[00]=(45,63,13,53,19,13,45,57,37,41,11,41,47,41,45,53,41,13,49,45,19,17,27,13)
pages[01]=(05,63,19,33,03,41,09,57,37,19,19,15,63,03,15,09,41,15,49,05,19,17,43,19)
pages[02]=(53,63,17,33,03,03,45,53,13,29,19,13,63,45,05,45,41,19,19,05,53,17,13,17)
pages[03]=(05,63,17,33,03,03,21,57,37,29,21,15,63,03,03,09,41,15,49,05,05,17,43,17)
pages[04]=(53,63,19,53,45,19,07,57,53,23,11,45,47,53,03,53,25,31,19,07,31,17,43,17)
pages[05]=(31,63,17,31,19,45,09,57,13,19,11,45,63,31,03,45,25,19,19,53,45,17,29,17)
pages[06]=(45,63,17,23,31,03,19,13,37,07,19,13,13,41,05,41,41,13,49,45,45,13,53,17)
pages[07]=(57,57,17,61,57,57,09,57,61,61,11,19,57,21,57,09,41,19,51,21,57,57,43,57)
pages[08]=(05,63,17,33,03,03,09,57,37,29,11,15,63,03,05,09,41,15,49,21,05,17,43,17)
pages[09]=(05,63,17,33,21,03,09,57,37,29,11,15,63,21,03,09,25,15,49,05,05,17,43,17)
pages[10]=(19,63,17,23,03,13,09,31,37,19,11,15,63,03,05,31,25,15,49,45,45,17,43,17)
pages[11]=(07,19,17,33,45,45,09,01,07,07,11,19,47,03,03,45,53,15,49,21,05,17,41,17)
pages[12]=(05,63,19,33,03,41,09,57,41,19,11,15,63,05,03,09,25,19,49,05,19,19,43,19)
pages[13]=(07,47,19,53,03,53,09,23,37,23,11,31,53,53,31,09,25,31,27,41,05,17,29,17)
pages[14]=(27,63,17,33,03,03,09,57,37,29,27,15,63,03,27,27,25,15,19,27,27,17,27,17)
pages[15]=(19,63,17,33,03,45,31,31,13,29,31,45,63,31,05,31,25,19,49,19,19,17,43,17)
pages[16]=(05,63,17,33,19,03,09,01,37,29,41,15,41,41,41,41,19,19,49,41,05,17,27,41)
pages[17]=(05,63,17,33,03,03,09,01,53,53,11,15,47,53,27,09,53,19,49,53,05,17,53,17)
pages[18]=(19,63,17,19,45,45,53,57,19,29,11,45,47,03,05,45,25,15,49,05,19,17,43,17)
pages[19]=(45,47,53,33,03,41,45,23,23,53,53,23,13,03,05,09,25,13,49,13,45,19,43,19)
pages[20]=(45,63,17,13,19,45,45,57,37,19,19,19,63,13,05,09,41,19,49,53,45,17,27,17)
pages[21]=(05,63,17,33,45,03,09,57,19,31,11,15,63,19,19,45,19,15,49,05,05,17,27,17)
pages[22]=(05,63,17,33,03,03,09,01,37,29,11,15,63,03,05,09,25,15,49,05,05,17,43,17)
pages[23]=(05,63,17,19,45,45,45,57,19,29,11,15,47,19,19,09,25,15,49,19,45,17,19,17)
pages2[0]=(45,23,09,17,41,11,31,53)
pages2[1]=(21,61,09,57,49,11,55,57)
pages2[2]=(31,33,45,17,35,11,35,03)
pages2[3]=(39,61,09,17,51,59,55,03)
pages2[4]=(39,33,35,35,49,11,55,57)
pages2[5]=(31,33,13,57,49,11,35,57)
pages2[6]=(39,61,57,57,51,59,55,57)
pages2[7]=(07,35,09,17,51,35,55,03)
damage=7,6,0|13,2,0|17,-2,0|19,2,0|21,2,0|27,0,0|31,3,0|35,6,0|41,0,0|45,-4,0|47,-1,6|53,6,0