pages[00]=(49,17,13,13,13,13,49,57,37,19,49,13,13,13,49,13,00,13,13,49,49,15,27,13)
pages[01]=(05,59,59,33,03,59,11,57,37,59,11,15,17,03,15,09,00,25,03,05,59,15,43,59)
pages[02]=(19,17,17,33,03,03,49,19,19,29,11,15,17,45,05,45,00,53,19,31,19,45,19,45)
pages[03]=(05,17,09,33,03,03,21,57,37,29,21,15,17,03,03,09,00,25,03,05,05,15,43,03)
pages[04]=(31,53,09,19,45,03,63,57,13,23,07,45,17,31,03,53,00,31,45,53,31,45,43,45)
pages[05]=(31,17,09,31,53,45,11,57,13,29,11,45,17,31,03,45,00,31,45,53,49,15,29,45)
pages[06]=(49,17,49,23,13,03,13,19,37,53,11,13,13,13,05,13,00,13,13,49,49,13,53,49)
pages[07]=(57,57,09,61,57,57,11,57,61,61,11,19,57,21,57,09,00,41,57,21,57,57,43,57)
pages[08]=(05,17,17,33,03,03,11,57,37,29,11,15,17,03,03,09,00,25,03,21,05,15,43,03)
pages[09]=(05,17,09,33,21,03,11,57,37,29,11,15,17,21,03,09,00,25,03,05,05,15,43,03)
pages[10]=(49,17,09,23,13,13,13,19,37,53,19,15,17,03,05,31,00,13,03,49,49,13,43,49)
pages[11]=(53,41,17,33,45,45,11,01,53,07,11,07,17,03,03,45,00,25,45,21,05,15,41,17)
pages[12]=(05,17,59,33,03,59,11,57,59,29,11,15,59,03,03,09,00,59,03,05,59,59,43,59)
pages[13]=(63,31,45,19,03,53,11,23,37,23,11,53,55,19,31,09,00,31,27,41,05,15,29,03)
pages[14]=(49,17,09,33,03,03,11,57,37,29,27,15,17,03,27,27,00,25,27,05,27,15,27,03)
pages[15]=(53,53,45,33,03,45,53,19,13,29,53,45,17,53,03,31,00,53,45,31,53,45,43,17)
pages[16]=(05,17,11,33,19,03,11,01,37,29,19,15,19,19,19,19,00,51,03,41,05,15,27,19)
pages[17]=(05,07,55,33,03,03,11,01,07,07,11,15,55,63,27,09,00,25,03,63,05,55,07,55)
pages[18]=(31,53,09,19,45,45,63,57,13,29,09,45,17,03,05,45,00,31,45,05,31,45,43,45)
pages[19]=(49,17,31,33,03,51,49,23,23,53,13,23,13,03,05,09,00,41,03,05,49,15,43,05)
pages[20]=(49,17,09,13,13,49,49,57,37,31,49,13,17,13,05,09,00,13,13,49,49,15,27,49)
pages[21]=(05,19,45,33,45,03,19,57,07,53,19,15,17,31,19,45,00,19,45,31,05,45,27,45)
pages[22]=(05,17,09,33,03,03,11,01,37,29,11,15,17,03,15,09,00,25,03,05,05,15,43,03)
pages[23]=(05,19,45,19,45,45,49,57,19,29,49,19,17,19,19,09,00,19,45,19,49,45,19,49)
pages2[0]=(45,23,09,17,41,11,19,19)
pages2[1]=(21,61,09,57,05,11,57,57)
pages2[2]=(53,33,45,17,35,11,35,03)
pages2[3]=(39,61,09,17,57,57,57,03)
pages2[4]=(39,33,57,47,05,13,57,57)
pages2[5]=(13,33,13,57,05,11,57,47)
pages2[6]=(39,61,57,57,57,57,57,57)
pages2[7]=(63,35,53,17,57,57,57,03)
damage=7,4,0|13,1,0|17,-5,0|19,-1,0|21,-1,0|27,-5,0|31,0,0|35,2,0|41,0,0|45,-5,0|47,1,0|49,-5,0|51,-1,0|53,2,0|55,0,0|59,-1,0|63,2,0