pages[00]=(45,00,13,13,45,03,45,57,37,53,25,15,13,13,45,09,00,00,49,45,05,47,27,13)
pages[01]=(19,00,19,33,03,19,09,57,37,19,19,15,63,03,05,09,00,00,49,05,19,47,43,17)
pages[02]=(53,00,11,33,03,03,53,53,31,29,31,15,63,03,05,09,00,00,53,05,53,47,13,17)
pages[03]=(05,00,21,21,03,03,21,57,37,29,21,15,63,03,05,21,00,00,49,21,05,47,43,17)
pages[04]=(45,00,11,53,45,03,45,57,53,23,53,45,63,53,05,31,00,00,49,53,05,47,43,17)
pages[05]=(31,00,11,31,53,03,09,57,13,29,25,31,63,03,05,19,00,00,49,53,05,47,43,17)
pages[06]=(45,00,11,23,45,03,31,31,37,07,25,53,53,13,05,09,00,00,49,45,05,13,53,17)
pages[07]=(57,00,11,61,57,57,09,57,57,57,25,15,57,21,57,09,00,00,57,21,57,57,43,57)
pages[08]=(05,00,11,33,03,03,09,57,37,29,25,15,63,03,05,09,00,00,49,21,05,47,43,17)
pages[09]=(05,00,11,33,21,03,09,57,37,29,25,15,63,21,05,09,00,00,49,05,05,47,43,17)
pages[10]=(05,00,53,23,03,13,31,53,37,53,19,15,63,03,05,09,00,00,49,05,05,53,43,17)
pages[11]=(07,00,11,33,45,03,09,01,53,07,25,07,63,03,05,45,00,00,49,21,05,47,07,17)
pages[12]=(05,00,41,33,41,19,09,57,19,29,25,15,19,03,05,09,00,00,49,05,41,41,43,41)
pages[13]=(05,00,53,53,03,53,09,23,37,23,25,07,07,41,53,09,00,00,27,19,05,47,43,17)
pages[14]=(45,00,11,33,03,03,09,57,37,29,27,15,63,03,27,27,00,00,27,05,27,47,27,17)
pages[15]=(53,00,31,33,03,03,07,53,13,29,53,45,63,07,05,19,00,00,31,31,53,47,43,17)
pages[16]=(05,00,11,33,41,03,09,01,37,29,41,15,41,41,41,41,00,00,49,41,05,47,27,41)
pages[17]=(05,00,11,33,03,03,09,01,31,53,25,15,41,53,27,09,00,00,49,19,05,47,53,17)
pages[18]=(13,00,11,19,19,03,53,57,19,29,25,15,63,03,05,09,00,00,49,05,31,19,43,17)
pages[19]=(45,00,31,33,03,03,45,23,23,53,13,23,53,03,05,09,00,00,49,05,05,47,43,17)
pages[20]=(05,00,11,53,13,03,31,57,37,31,25,53,63,31,05,09,00,00,49,19,13,47,27,17)
pages[21]=(05,00,11,33,03,03,09,57,07,29,25,15,63,53,53,19,00,00,49,19,05,19,27,17)
pages[22]=(05,00,11,33,03,03,09,01,37,29,25,15,63,03,05,09,00,00,49,05,05,47,43,17)
pages[23]=(05,00,11,13,03,03,09,57,19,29,25,13,63,53,53,09,00,00,19,19,31,31,31,19)
pages2[0]=(45,23,09,05,41,25,19,31)
pages2[1]=(21,61,21,57,21,25,55,57)
pages2[2]=(13,33,45,05,35,25,35,03)
pages2[3]=(39,61,09,05,51,59,55,03)
pages2[4]=(39,33,35,35,11,25,55,57)
pages2[5]=(19,33,19,57,11,25,55,35)
pages2[6]=(39,61,57,57,51,59,55,57)
pages2[7]=(53,35,09,05,51,35,55,03)
damage=7,6,10|13,2,6|19,1,0|21,5,0|27,-3,0|31,2,6|35,3,7|41,1,5|45,-4,0|53,3,7