pages[00]=(45,00,19,13,45,17,45,57,37,19,00,15,00,13,45,09,13,13,63,45,00,47,19,19)
pages[01]=(05,00,47,33,03,17,11,57,37,19,00,15,00,03,03,09,19,15,63,03,00,47,43,19)
pages[02]=(31,00,47,33,03,17,31,19,19,29,00,15,00,03,03,09,41,53,31,03,00,47,19,49)
pages[03]=(05,00,47,33,03,17,23,57,37,29,00,15,00,03,03,09,63,15,63,03,00,47,43,49)
pages[04]=(45,00,47,53,45,17,45,57,13,23,00,45,00,53,03,31,25,53,63,07,00,47,43,49)
pages[05]=(19,00,47,19,19,17,11,57,37,29,00,15,00,03,03,09,25,31,63,53,00,47,43,49)
pages[06]=(45,00,47,23,45,17,11,19,37,19,00,19,00,41,03,09,13,13,63,45,00,19,19,49)
pages[07]=(57,00,47,61,57,57,11,57,57,57,00,15,00,21,57,09,41,41,57,21,00,57,43,57)
pages[08]=(05,00,47,33,03,17,11,57,37,29,00,15,00,03,03,09,41,15,63,21,00,47,43,49)
pages[09]=(05,00,47,33,21,17,11,57,37,29,00,15,00,21,03,09,25,15,63,03,00,47,43,49)
pages[10]=(05,00,19,23,03,29,19,01,37,29,00,15,00,03,03,09,25,19,63,03,00,19,43,49)
pages[11]=(53,00,47,33,45,17,11,01,19,53,00,19,00,03,03,45,53,15,63,21,00,47,41,49)
pages[12]=(05,00,19,33,19,19,11,57,19,29,00,15,00,03,03,09,25,15,63,03,00,19,43,41)
pages[13]=(05,00,31,53,03,53,11,23,37,23,00,53,00,41,53,09,25,15,27,41,00,47,43,49)
pages[14]=(45,00,47,33,03,17,11,57,37,29,00,15,00,03,27,27,25,15,27,03,00,47,27,49)
pages[15]=(31,00,19,33,03,17,53,19,19,29,00,45,00,07,03,19,25,31,19,13,00,47,43,49)
pages[16]=(05,00,47,33,19,17,11,01,37,29,00,15,00,41,41,19,41,41,63,41,00,47,19,41)
pages[17]=(05,00,47,33,03,17,11,01,37,19,00,15,00,53,27,09,25,15,63,53,00,47,19,49)
pages[18]=(19,00,47,19,03,17,31,57,37,29,00,15,00,03,03,09,25,31,63,03,00,47,43,49)
pages[19]=(45,00,19,33,03,17,45,23,23,29,00,23,00,03,03,09,25,15,63,03,00,47,43,49)
pages[20]=(05,00,47,19,19,17,11,57,37,29,00,19,00,13,03,09,41,13,63,19,00,47,19,49)
pages[21]=(05,00,47,33,03,17,11,57,37,29,00,15,00,19,19,19,19,19,63,19,00,47,19,49)
pages[22]=(05,00,47,33,03,17,11,01,37,29,00,15,00,03,03,09,25,15,63,03,00,47,43,49)
pages[23]=(05,00,47,19,03,17,11,57,37,29,00,19,00,19,19,09,25,19,63,19,00,19,19,19)
pages2[0]=(45,23,17,45,41,63,01,19)
pages2[1]=(21,61,17,57,05,63,55,57)
pages2[2]=(53,33,49,45,35,63,35,03)
pages2[3]=(39,61,17,45,57,59,55,03)
pages2[4]=(39,33,35,57,05,63,55,57)
pages2[5]=(13,33,19,57,05,63,55,35)
pages2[6]=(39,61,51,57,57,59,55,57)
damage=7,5,9|13,3,7|19,0,0|21,0,0|27,-4,0|31,2,6|35,4,8|41,0,4|45,-4,0|53,4,8
pages2[7]=(07,35,17,45,57,35,55,03)

