pages[00]=(45,63,13,13,45,51,45,57,37,13,00,27,13,13,00,09,13,13,49,45,43,47,00,19)
pages[01]=(19,19,19,33,03,19,43,57,37,19,00,27,63,27,00,09,41,15,49,05,19,47,00,17)
pages[02]=(31,63,11,33,03,51,53,53,31,29,00,27,63,27,00,09,41,53,53,05,53,47,00,17)
pages[03]=(05,63,11,33,03,51,21,57,37,29,00,27,63,27,00,09,41,15,49,05,43,47,00,17)
pages[04]=(45,53,11,53,45,51,45,57,53,23,00,45,63,53,00,53,25,53,49,07,43,47,00,17)
pages[05]=(19,63,11,19,19,51,43,57,19,29,00,19,63,27,00,19,25,31,49,53,43,47,00,17)
pages[06]=(45,63,11,23,45,51,31,31,37,07,00,53,53,13,00,09,53,53,49,45,43,13,00,17)
pages[07]=(57,57,11,61,57,57,43,57,57,57,00,27,57,21,00,09,41,41,57,21,57,57,00,57)
pages[08]=(05,63,11,33,03,51,43,57,37,29,00,27,63,27,00,09,41,15,49,21,43,47,00,17)
pages[09]=(05,63,11,33,21,51,43,57,37,29,00,27,63,21,00,09,25,15,49,05,43,47,00,17)
pages[10]=(05,63,53,23,03,13,31,53,37,53,00,27,63,27,00,09,25,53,49,05,43,53,00,17)
pages[11]=(53,41,11,33,45,51,43,01,53,07,00,07,63,27,00,45,53,15,49,21,43,47,00,17)
pages[12]=(05,63,41,33,19,19,43,57,19,29,00,27,19,27,00,09,25,15,49,05,41,41,00,41)
pages[13]=(05,31,31,19,03,19,43,23,37,23,00,53,53,19,00,09,25,15,19,19,43,47,00,17)
pages[14]=(45,63,11,33,03,51,43,57,37,29,00,27,63,27,00,19,25,15,19,05,19,47,00,17)
pages[15]=(31,53,31,33,03,51,07,53,13,29,00,45,63,07,00,53,25,31,31,13,53,47,00,17)
pages[16]=(05,63,11,33,41,51,43,01,37,29,00,27,41,41,00,41,41,41,49,41,43,47,00,41)
pages[17]=(05,07,11,33,03,51,43,01,07,07,00,27,07,07,00,09,25,15,49,07,43,47,00,17)
pages[18]=(13,53,11,53,19,19,07,57,13,29,00,27,63,27,00,09,25,53,49,05,13,19,00,17)
pages[19]=(45,63,31,33,03,51,45,23,23,53,00,23,53,27,00,09,25,15,49,05,43,47,00,17)
pages[20]=(05,63,11,53,31,51,31,57,37,31,00,53,63,31,00,09,41,31,49,53,13,47,00,17)
pages[21]=(05,07,11,33,03,51,43,57,07,29,00,27,63,53,00,41,31,31,49,31,43,19,00,17)
pages[22]=(05,63,11,33,03,51,43,01,37,29,00,27,63,27,00,09,25,15,49,05,43,47,00,17)
pages[23]=(05,31,11,13,03,51,43,57,19,29,00,13,63,53,00,09,25,31,19,31,31,31,00,19)
pages2[0]=(45,23,09,05,41,11,53,31)
pages2[1]=(21,61,09,57,05,11,55,57)
pages2[2]=(53,33,45,05,35,11,35,03)
pages2[3]=(39,61,09,05,57,59,55,03)
pages2[4]=(39,33,35,35,05,11,55,57)
pages2[5]=(53,33,13,57,05,11,55,35)
pages2[6]=(39,61,59,57,57,59,55,57)
pages2[7]=(53,35,09,05,57,35,55,03)
damage=7,5,10|13,3,8|19,-1,0|21,-1,0|31,4,9|35,5,10|41,-1,4|45,-4,0|53,5,10