pages[00]=(49,63,13,13,13,13,49,57,37,31,49,13,17,13,49,13,41,00,13,49,13,15,27,13)
pages[01]=(05,59,59,33,03,19,11,57,37,19,11,15,17,03,15,09,59,00,03,05,19,15,43,19)
pages[02]=(53,63,53,33,03,03,49,53,13,29,11,31,17,45,05,45,13,00,03,31,53,45,53,45)
pages[03]=(05,63,09,33,03,03,21,57,37,29,21,15,17,03,03,09,41,00,03,05,05,15,43,03)
pages[04]=(31,53,31,53,45,03,07,57,13,23,07,45,17,31,03,53,25,00,45,53,31,45,43,45)
pages[05]=(31,63,09,31,53,45,11,57,13,19,11,19,31,31,03,45,25,00,45,53,49,15,29,45)
pages[06]=(49,63,53,23,13,13,13,13,37,53,11,13,13,13,05,13,13,00,13,49,49,19,53,49)
pages[07]=(57,57,09,61,57,57,11,57,57,57,11,19,57,21,57,09,41,00,57,21,57,57,43,57)
pages[08]=(05,19,17,33,03,03,11,57,37,29,11,15,17,05,03,09,41,00,03,21,05,15,43,03)
pages[09]=(05,63,09,33,21,03,11,57,37,29,11,15,17,21,03,09,25,00,03,05,05,15,43,03)
pages[10]=(19,63,09,23,13,13,13,19,37,53,19,15,17,03,05,31,25,00,03,49,49,13,43,49)
pages[11]=(53,41,17,33,45,45,11,01,53,07,11,07,17,53,03,45,53,00,45,21,05,15,41,17)
pages[12]=(05,63,59,33,03,03,11,57,19,19,11,15,17,05,03,09,25,00,03,05,59,15,43,59)
pages[13]=(07,63,53,53,03,53,11,23,53,23,11,53,55,19,31,09,25,00,27,41,05,15,29,03)
pages[14]=(49,63,09,33,03,03,11,57,37,29,27,15,17,03,27,27,25,00,27,05,27,15,27,03)
pages[15]=(53,63,45,33,03,45,53,53,13,29,53,45,17,53,03,31,25,00,45,31,53,45,43,17)
pages[16]=(05,63,09,33,03,51,11,01,37,29,51,15,51,17,03,09,25,00,03,41,05,15,27,51)
pages[17]=(05,41,07,33,03,03,11,01,07,07,11,15,55,07,27,09,07,00,03,07,53,55,07,55)
pages[18]=(31,53,19,53,19,45,07,57,13,29,19,19,17,03,05,45,25,00,45,05,31,45,43,17)
pages[19]=(49,19,31,33,03,41,49,23,23,53,13,23,13,03,05,09,25,00,03,05,49,15,43,05)
pages[20]=(19,63,13,13,13,49,19,57,19,31,49,13,13,13,05,09,41,00,13,49,49,13,27,49)
pages[21]=(05,19,45,33,45,03,31,57,07,53,53,31,17,31,31,45,13,00,45,31,05,45,27,45)
pages[22]=(05,63,09,33,03,03,11,01,37,29,11,15,17,03,15,09,25,00,03,05,05,15,43,03)
pages[23]=(05,19,45,31,45,45,49,57,31,19,49,31,19,31,31,09,25,00,45,13,49,45,53,49)
pages2[0]=(45,23,09,53,41,11,19,19)
pages2[1]=(21,61,09,57,05,11,57,57)
pages2[2]=(53,33,45,17,35,11,35,03)
pages2[3]=(39,57,09,17,57,57,57,59)
pages2[4]=(39,33,57,47,05,13,57,57)
pages2[5]=(13,33,13,57,05,11,57,47)
pages2[6]=(39,61,57,57,57,57,57,57)
pages2[7]=(07,35,53,17,57,57,57,03)
damage=7,6,0|13,3,0|17,-2,0|19,0,0|21,0,0|27,-6,0|31,2,0|35,4,0|41,0,0|45,-4,0|47,3,0|49,-4,0|51,0,0|53,4,0|55,1,0|59,0,0